"Pnx","X (m)","Y (m)","Z (m)"
0.0412133848251721,11.6890227424356,0.063214286,-0.0085330174223575
0.0409486414094989,11.6733982400025,0.063214286,-0.00857478656221925
0.0406058778069272,11.6577737394224,0.063214286,-0.00861651996365193
0.0391642951569314,11.642149271085,0.063214286,-0.00865758641503538
0.0380370059378305,11.6265248474986,0.063214286,-0.00869750031855277
0.0375241661112213,11.6109004407304,0.063214286,-0.00873677892648794
0.0373399720629223,11.5952760364192,0.063214286,-0.0087759435750868
0.0356751014758682,11.5796516282149,0.063214286,-0.0088143566216664
0.0338951130792677,11.564027211531,0.063214286,-0.00885113263320443
0.0337420202055943,11.5484027902606,0.063214286,-0.00888702321172011
0.0336086998481691,11.5327783689903,0.063214286,-0.00892291379023579
0.0347756009255201,11.5171539559299,0.063214286,-0.00895963181227591
0.0321693613358177,11.5015295357111,0.063214286,-0.00899557185082557
0.0309107303814219,11.4859050936377,0.063214286,-0.00902937877119856
0.0307647224771393,11.4702806449892,0.063214286,-0.00906264182084517
0.030674656609772,11.4546561962516,0.063214286,-0.00909588868678773
0.0305970833961334,11.4390317475141,0.063214286,-0.00912913554445129
0.0305330983540098,11.4234072987764,0.063214286,-0.00916238239383584
0.0294990301789946,11.407782845107,0.063214286,-0.00919511990132684
0.0274421016302046,11.3921583685723,0.063214286,-0.00922622306900911
0.0266876060803247,11.3765338623396,0.063214286,-0.00925593085529037
0.0266376182761705,11.3609093443426,0.063214286,-0.00928536827227981
0.0265981788561546,11.345284826346,0.063214286,-0.00931480570937823
0.0265668294223708,11.3296603083497,0.063214286,-0.00934424316658563
0.0213442133987101,11.2359134121944,0.063214286,-0.00951085208204068
0.0245159964031333,11.251537850837,0.063214286,-0.00948548974597042
0.0260384011714864,11.2671623041508,0.063214286,-0.00945753756850591
0.0255980908290339,11.2827867774433,0.063214286,-0.0094290553805289
0.0253359489726326,11.2984112755108,0.063214286,-0.00940108643949017
0.0256859934605926,11.3140357893436,0.063214286,-0.00937308155903837
0.0219322860570458,11.1890401210363,0.063214286,-0.00958217778175361
0.0215533809787337,11.2046645537933,0.063214286,-0.0095581730578717
0.0213328612162885,11.2202889834374,0.063214286,-0.00953446933638875
0.0205511358351392,11.1734156936043,0.063214286,-0.00960562641908207
0.0204028455629117,11.15779127434,0.063214286,-0.00962824166183473
0.0204216553979654,11.1421668556928,0.063214286,-0.00965079413182917
0.0198357600143429,11.1265424336813,0.063214286,-0.00967306151110062
0.0186068907621749,11.1109180017506,0.063214286,-0.00969423170960221
0.0176906089041278,11.095293560708,0.063214286,-0.0097141457233158
0.0177160724713354,11.0796691171085,0.063214286,-0.00973361564228828
0.0170529582056315,11.0640446723713,0.063214286,-0.00975274969106666
0.0157722914269655,11.0484202239199,0.063214286,-0.00977078742760823
0.0158008304465989,11.0327957728923,0.063214286,-0.0097880647221071
0.0159192479334585,11.0171713225003,0.063214286,-0.00980537387273385
0.0162231262905088,11.0015468747894,0.063214286,-0.00982281740595776
0.0143887887935445,10.9859224315674,0.063214286,-0.00983940726785568
0.0137518959827818,10.970297987981,0.063214286,-0.00985466435338926
0.0137660109160013,10.954673540266,0.063214286,-0.00986953576981756
0.0138110810078906,10.9390490912297,0.063214286,-0.00988439809570969
0.0138612549431798,10.9234246421934,0.063214286,-0.00989926042160181
0.0110683496658677,10.9078001853529,0.063214286,-0.00991258213923621
0.0108447082251959,10.8921757201245,0.063214286,-0.00992424802736473
0.0108845390615825,10.8765512543124,0.063214286,-0.00993579869424509
0.010966133076534,10.8609267924617,0.063214286,-0.00994736302614922
0.0110871149569363,10.8453023462572,0.063214286,-0.00995898133137775
0.00939493756811213,10.8296779197307,0.063214286,-0.00996970098692246
0.00853399272866795,10.8140535032498,0.063214286,-0.00997904024865961
0.00857471165516374,10.7984290888212,0.063214286,-0.0099879380745737
0.00861947946540353,10.7828046743927,0.063214286,-0.00999683590048779
0.00848204550258561,10.7671802744369,0.063214286,-0.0100056637059854
0.00724709258562735,10.7515559438429,0.063214286,-0.0100137032110176
0.00579398417889864,10.7359317045293,0.063214286,-0.0100203043019009
0.00582781696215468,10.7203075016072,0.063214286,-0.0100261852586839
0.00586429144929217,10.7046832986851,0.063214286,-0.010032066215467
0.00570973148273985,10.6890591449431,0.063214286,-0.0100378787072899
0.00542861524922306,10.6734351692041,0.063214286,-0.0100434433963231
0.0031335386356347,10.6578116240741,0.063214286,-0.0100476440227889
0.00270835667644634,10.6421883259688,0.063214286,-0.0100504886021828
0.00281168232207304,10.6265648984989,0.063214286,-0.0100532079157246
0.00270861666649787,10.6109413788807,0.063214286,-0.0100559305278064
-7.30688652293696e-06,10.5953188282532,0.063214286,-0.0100572651730105
0.000299911506938399,10.5796973179934,0.063214286,-0.0100573289171647
0.000408487798541116,10.5640758656788,0.063214286,-0.0100575310511315
0.000842833987160714,10.548454434038,0.063214286,-0.0100580552576247
-0.000423387690822648,10.5328347338325,0.063214286,-0.0100583259058106
-0.00128552260208475,10.5172182624557,0.063214286,-0.0100576090665355
-0.00228158950327898,10.5016041147271,0.063214286,-0.0100559627233891
-0.00248698730397403,10.4859908776584,0.063214286,-0.0100538062574596
-0.00285047558595431,10.4703780830697,0.063214286,-0.0100514896115883
-0.00509912584031623,10.454768910115,0.063214286,-0.010048074089285
-0.00521917800489867,10.4391631006134,0.063214286,-0.0100436380278234
-0.00531276938730659,10.4235573744457,0.063214286,-0.0100391766811596
-0.0103141308687626,10.4079536786788,0.063214286,-0.0100331700881384
-0.0564381263036491,10.3923556984775,0.063214286,-0.0100072971457137
-0.0626397003891183,10.3767618826288,0.063214286,-0.00996041232281637
-0.0641220150056591,10.3611685459718,0.063214286,-0.00991083678441767
-0.0663090975965594,10.3455752093222,0.063214286,-0.0098612613698692
-0.255157757082451,10.3299831806446,0.063214286,-0.00973089991472423
-0.727309869820513,10.3143938309527,0.063214286,-0.00936822506412185
-0.757260725057238,10.2676269279209,0.063214286,-0.00756676738343282
-0.786643768535086,10.2988053300919,0.063214286,-0.00880625870935144
-0.771207218440829,10.2520388814231,0.063214286,-0.00692933330870519
-0.775169071083343,10.2832161883525,0.063214286,-0.00818985141204445
-0.770481070577842,10.2364524898794,0.063214286,-0.006272335837769
-0.75801827971991,10.2208662275806,0.063214286,-0.00560962756363179
-0.770828876486994,10.2052716467698,0.063214286,-0.0049336466887626
-0.7568999829047,10.189668893729,0.063214286,-0.00424462661308496
-0.749113377018418,10.1740640149731,0.063214286,-0.00355299210051755
-0.754312721474697,10.1584014787511,0.063214286,-0.00284974965616855
-0.752621124039708,10.1427509821005,0.063214286,-0.00213394673365582
-0.73962430741786,10.1271682104716,0.063214286,-0.00141492667183767
-0.729131442055698,10.1115854445341,0.063214286,-0.000695993215958818
-0.722008597812633,10.0960026827373,0.063214286,2.4145044177009e-05
-0.730705425083237,10.0804212421449,0.063214286,0.000755743486333338
-0.650940210603886,9.90857015774379,0.063214286,0.00923140498873169
-0.721962182453911,10.0648410015352,0.063214286,0.00149937914183915
-0.656126807140101,9.9241908090657,0.063214286,0.00844056495211228
-0.714577905280259,10.0335951356627,0.063214286,0.0030017796722153
-0.711385731848259,10.0492606396349,0.063214286,0.00224479681288665
-0.66652461193563,9.93981140536265,0.063214286,0.00765302384061498
-0.704670568819712,10.0179102936941,0.063214286,0.00376911963683037
-0.693922118284247,10.0022912690778,0.063214286,0.00453525088324871
-0.685704588291568,9.98667222271616,0.063214286,0.00530216394324476
-0.678230334368428,9.95543200165959,0.063214286,0.0068654827291385
-0.688889903335839,9.97105249423533,0.063214286,0.00607886177671855
-5.60218940884906,10.47730661348,0.063214286,1.16038617924008
-5.7991329335986,10.4925498171144,0.063214286,1.16758366604351
-6.04691809077303,10.5029709418041,0.063214286,1.17249771583647
-6.28405376895022,10.5105231188811,0.063214286,1.17604177944604
-6.46760022266289,10.5234183612298,0.063214286,1.18198139661879
-6.73947059374872,10.5385297481091,0.063214286,1.188845975375
-7.03111039827846,10.5540729944044,0.063214286,1.19582147259455
-7.274802770384,10.5699667587295,0.063214286,1.20282090676172
-7.60346649716418,10.5855145641638,0.063214286,1.20957171436627
-7.84542929663448,10.6014565230491,0.063214286,1.21638165901586
-8.32394220161392,10.6322034199291,0.063214286,1.22913954227573
-8.09326630441289,10.6169893881278,0.063214286,1.22288213322487
-8.57471298962933,10.6474520563587,0.063214286,1.23530363977839
-8.94359272877972,10.674917756623,0.063214286,1.24610751067555
-9.01054989578405,10.6829042330815,0.063214286,1.24917526810129
-8.86290976983911,10.6878920961678,0.063214286,1.25106937110869
-8.76627311584829,10.6629762084152,0.063214286,1.24145083952805
-8.79194915375822,10.69146827183,0.063214286,1.25239436641174
-8.86329734215514,10.6980330186106,0.063214286,1.25489690656507
-12.619169099961,10.7111446760913,0.063214286,1.26063977871817
-10.7076006360659,10.7058996831618,0.063214286,1.25826012154265
-11.0255496936705,10.7212736259388,0.063214286,1.26434210950213
-10.2613080610695,10.7289005190332,0.063214286,1.26686162170744
-12.258925850122,10.7149022583271,0.063214286,1.26210188682025
-10.0154541781678,10.7365397828302,0.063214286,1.2693060512717
-9.81288481483809,10.7442854497204,0.063214286,1.271722631114
1.68304366363755,12.1253400252037,0.063214286,1.32088768454608
-9.44444484315956,10.7558543721492,0.063214286,1.27518247967564
-9.18137225644326,10.7714642039811,0.063214286,1.27969395316648
1.69583763098063,12.1097374148176,0.063214286,1.32215882941524
-8.82482485301135,10.7865723174736,0.063214286,1.28385497439346
-8.52353131891294,10.8018482146444,0.063214286,1.28784166986517
-8.24538743587225,10.8176329893134,0.063214286,1.29178658531845
-7.82886721639413,10.8332468849787,0.063214286,1.29547797455094
1.70309616366864,12.0941347857469,0.063214286,1.32342759197677
-7.47274397083894,10.8485269872045,0.063214286,1.29889517259279
-7.28473649406924,10.8638537374702,0.063214286,1.30217028004766
-6.89867261236683,10.8795280317617,0.063214286,1.30537111321584
-6.43100982733138,10.8950131886921,0.063214286,1.30833460356747
1.70388864857834,12.0785320883345,0.063214286,1.3246876408805
-6.35425212559824,10.9106435495539,0.063214286,1.31120313852203
1.65629191947058,12.0631166969787,0.063214286,1.32589782997667
-6.09500877921122,10.9260619497404,0.063214286,1.31394480705674
-5.45615573255791,10.9414439592682,0.063214286,1.31645823618536
-5.28554563745275,10.9570526096299,0.063214286,1.31886059465099
-5.27073519222209,10.9725737712044,0.063214286,1.32122941787353
-4.9120074754589,10.988095555128,0.063214286,1.3234867938816
-4.26206291572247,11.0038124074217,0.063214286,1.32553487108657
1.54505714615188,12.0316293533069,0.063214286,1.32818894110615
1.54329977545024,12.0474465433065,0.063214286,1.32705745679937
-4.19419765678266,11.0194153761337,0.063214286,1.32744595166778
-4.19934033976301,11.0347091282067,0.063214286,1.32933290643167
-4.23771417360586,11.0500261471363,0.063214286,1.33121678830648
-3.36063345352579,11.0655963106256,0.063214286,1.33290626142777
-3.17705538915007,11.0812654147653,0.063214286,1.33438629324182
-3.14277771182643,11.096805739311,0.063214286,1.33584620931733
-3.12933867460311,11.1123461257973,0.063214286,1.33730528983651
-3.05966811627012,11.1278878778686,0.063214286,1.3387459491455
-2.4275925851216,11.1434364242511,0.063214286,1.33999906654518
1.37293178253386,11.9069235722681,0.063214286,1.33649566018625
1.36524361356066,11.9225234800316,0.063214286,1.33555654909687
1.36225412887735,11.9381233877951,0.063214286,1.33461743800748
1.46910416358772,11.9537234887798,0.063214286,1.33364541083737
1.52764251877301,11.9694103652014,0.063214286,1.33260251509785
1.5539307708655,11.9850604300036,0.063214286,1.33151349689473
1.56647305081796,12.0005849291795,0.063214286,1.33040970716602
1.55370660967808,12.0161071960152,0.063214286,1.32929932021797
-1.95833171351214,11.1589910270619,0.063214286,1.34100043004077
-1.94194739891951,11.1746290498022,0.063214286,1.34193114848833
1.12373918647499,11.8135856731176,0.063214286,1.34171375505844
1.17679583601216,11.8289296652441,0.063214286,1.34098018029853
1.28466063219108,11.8445258014975,0.063214286,1.34017925333575
1.36002719903945,11.8601241656576,0.063214286,1.33930034585107
1.39941763808988,11.8757237567412,0.063214286,1.33837388236503
1.38446806999516,11.8913236645047,0.063214286,1.33743477127564
-1.94283530334729,11.1902371683076,0.063214286,1.34287187843699
-1.9247570720549,11.2057325532273,0.063214286,1.34381146879097
-1.91795878234039,11.2212279923099,0.063214286,1.34475106242923
-1.90717857397879,11.2367290179937,0.063214286,1.34568490822745
-1.51010731516564,11.2522459812401,0.063214286,1.34651156824227
-1.42453039600427,11.2677717453392,0.063214286,1.34722538996989
1.13930783456515,11.7820552816528,0.063214286,1.3431955077572
1.12960995298825,11.7979371721366,0.063214286,1.34244914740477
-1.42142378810786,11.2833651320367,0.063214286,1.34793094074537
1.15326506990053,11.7664953249261,0.063214286,1.34392673901698
-0.75733256198184,11.3145466089604,0.063214286,1.34903026395994
-1.09767628542898,11.2989777851322,0.063214286,1.34856698155407
1.05642000674351,11.750934840442,0.063214286,1.34462991065848
-0.646441712484885,11.3301230483074,0.063214286,1.34937470531774
0.949896751184727,11.735369146211,0.063214286,1.34526480540238
-0.609951423262044,11.3457013865405,0.063214286,1.34969558720964
0.941386152491394,11.7197967783034,0.063214286,1.34585434811258
-0.603464305301911,11.3612801145283,0.063214286,1.35001163341881
0.893931531821289,11.7042206993327,0.063214286,1.34641990436326
-0.600042226401085,11.3768588425161,0.063214286,1.35032767962798
0.861290839264137,11.688643070347,0.063214286,1.34695846077717
-0.600660712844741,11.3924375705038,0.063214286,1.35064372583715
0.869051812581144,11.6730655584605,0.063214286,1.34748887068287
-0.391388987065264,11.4080165510984,0.063214286,1.35091240250635
0.88034138072235,11.6574356004532,0.063214286,1.34802106636426
-0.0642596442472563,11.4235963386283,0.063214286,1.35103945416366
0.540242504991202,11.5950247649433,0.063214286,1.34961419005547
0.537952932557449,11.6106144908014,0.063214286,1.34929566520371
0.86942976427216,11.6417968926788,0.063214286,1.34854779789175
-0.00337885509764329,11.4391772244584,0.063214286,1.35105114736412
0.544646559836789,11.5794350390852,0.063214286,1.34993271490722
0.553114408177043,11.6262043542693,0.063214286,1.34897197128179
0.0533623296302232,11.4547589295567,0.063214286,1.35103105764315
0.0609748956279702,11.5015050920244,0.063214286,1.35093016416062
0.0612479738555197,11.4859230231163,0.063214286,1.35096436762213
0.540067391062922,11.5638456723115,0.063214286,1.35024893490907
0.0617643391564391,11.4703409542082,0.063214286,1.35099857108365
0.0611514546851266,11.5170871609325,0.063214286,1.35089596069911
0.543844279117586,11.5482570309864,0.063214286,1.35056049848451
0.314845577732312,11.5326705444462,0.063214286,1.35079698172617
2.98746957562986,9.18053519262388,0.063214286,0.683764123195252
3.00078100197151,9.16485842473241,0.063214286,0.676652919154049
2.85772140919263,9.14947118030247,0.063214286,0.669551201660126
3.43149255717727,9.13420707973696,0.063214286,0.661946683908615
3.38818833768274,9.10553889564241,0.063214286,0.646488796788121
3.65333694261692,9.11895454596509,0.063214286,0.653790492774375
3.9017591279043,9.09815276224636,0.063214286,0.642226957913659
4.8978714269721,9.08815249048651,0.063214286,0.63548384803173
5.06702992112857,9.07284722594219,0.063214286,0.624854084070098
6.33355229128528,9.06221175734214,0.063214286,0.616892696779015
7.28023486519297,9.05469670602618,0.063214286,0.610415485194552
7.77719013645661,9.04621109774962,0.063214286,0.602903296855849
8.34320555009964,9.03870673918865,0.063214286,0.596011830925796
9.81413224635419,9.03133401978534,0.063214286,0.588515938521507
10.7102125697852,9.02384389625596,0.063214286,0.580468612324431
11.4053512462197,9.01712166772426,0.063214286,0.572950143651683
12.7040993458345,9.00887831119345,0.063214286,0.563080353926997
13.5720135283876,9.00333652761652,0.063214286,0.55620587391995
14.5288175251925,8.99654389385342,0.063214286,0.547147709808276
16.2045498567168,8.98519194452252,0.063214286,0.531330455407724
17.2761800892756,8.9775519051029,0.063214286,0.519992135325256
18.8411140762099,8.96877582826568,0.063214286,0.505952067309607
21.8632583290556,8.95062307576629,0.063214286,0.472247152458309
23.0831896750034,8.94855475551306,0.063214286,0.468090778494537
19.2861143117624,8.96661186705342,0.063214286,0.502334266419371
19.9617291882227,8.96390166513235,0.063214286,0.497577828193879
18.1946711335673,8.97275637085199,0.063214286,0.512429637854972
22.5279212680915,8.95254610232998,0.063214286,0.476149949083141
6.70323740303315,8.94541027578134,0.063214286,0.465482624210604
19.6776531187561,8.94193064571163,0.063214286,0.462983627124259
20.3746969224147,8.93953558438307,0.063214286,0.459455077068667
20.7340711752753,8.96005908260147,0.063214286,0.490633989185427
21.4905507732946,8.9570697849591,0.063214286,0.485016792496936
21.8667873212669,8.95411688576382,0.063214286,0.479310948258985
20.2355911695818,8.93790741714763,0.063214286,0.456932617854262
21.6189560921756,8.9553740434533,0.063214286,0.481775477025806
19.7634883492234,8.9367014550034,0.063214286,0.45519891324712
19.0087426583171,8.9346164545719,0.063214286,0.452382353703195
18.5475410371856,8.92918881484347,0.063214286,0.445445792970003
18.5475410371856,8.93103418753738,0.063214286,0.447785443370291
18.5475410371856,8.93256396877322,0.063214286,0.44972549358377
18.5094066749414,8.92110428266456,0.063214286,0.435129681158867
18.4120449721444,8.92529261108595,0.063214286,0.440495501210595
19.9890875455698,8.90888577674615,0.063214286,0.418126029379708
20.7192732823435,8.90395300081281,0.063214286,0.41052142197667
21.5506684916856,8.89993658857613,0.063214286,0.40375044340374
31.9388633013672,8.8930827162743,0.063214286,0.380877420457732
20.1162431236356,8.90057052739305,0.063214286,0.365997158667123
35.1224092450216,8.90068636598376,0.063214286,0.363708760357576
19.2651566122844,8.91422026242793,0.063214286,0.425840218517247
18.796574085144,8.91824325828583,0.063214286,0.431354390371307
32.4661805756031,8.89311195633256,0.063214286,0.377933595762749
22.303110396116,8.89650802214032,0.063214286,0.39736041791799
29.4067482359954,8.89322960291062,0.063214286,0.387686265284587
24.8789632648795,8.89419696841166,0.063214286,0.391752649615494
31.0313451821618,8.89307853388027,0.063214286,0.384724592979087
31.8032993595039,8.89307249105824,0.063214286,0.382623647328561
16.9716172970523,8.89861443838731,0.063214286,0.367110219569073
33.6611767879011,8.89374477759751,0.063214286,0.371502521932776
34.0372588658848,8.89971128844553,0.063214286,0.360464326645831
32.5382778519765,8.89321772789678,0.063214286,0.37453020251537
16.1040087807684,8.89634542045348,0.063214286,0.368248410121278
27.9559874041166,8.89479365712516,0.063214286,0.369406354258682
33.1325722559573,8.89825374144683,0.063214286,0.355956268933191
33.1325722559573,8.89898513435551,0.063214286,0.358258836755019
32.7908603339656,8.89710836694923,0.063214286,0.352226824793889
32.288021949007,8.89538067289818,0.063214286,0.346129139612405
32.9906109307682,8.89348170994295,0.063214286,0.338328357480022
34.2485771332305,8.89222230234567,0.063214286,0.331175666377727
38.1086775382329,8.8940117830723,0.063214286,0.260203772284254
35.2623802604612,8.89516128119855,0.063214286,0.264741642393524
37.0708310785308,8.89489045048169,0.063214286,0.263036371993994
37.8346432673747,8.89452373086982,0.063214286,0.266264336495938
38.3134918969908,8.89337620003871,0.063214286,0.257745184843677
39.6984340868243,8.89404515332649,0.063214286,0.268021235460982
39.6984340868243,8.89387654610315,0.063214286,0.269877868670174
39.5812030520329,8.89371634119131,0.063214286,0.271674751651499
36.2130623797245,8.89172907317798,0.063214286,0.318103360970396
36.2130623797245,8.89179149817887,0.063214286,0.32562243304778
38.0805924118753,8.89305664466229,0.063214286,0.2565305552966
38.9578307153963,8.89309781251401,0.063214286,0.279374000469913
39.171617757688,8.89328782683656,0.063214286,0.27687717510842
39.3562245959146,8.89355645672097,0.063214286,0.273552912839034
38.4343653838606,8.89280991445842,0.063214286,0.283783770425209
38.4343653838606,8.89267311681182,0.063214286,0.286254214793891
38.4343653838606,8.8925205346938,0.063214286,0.288995002188505
37.2388552449725,8.89188799936099,0.063214286,0.305524678738609
38.1777977354887,8.89233561979447,0.063214286,0.254155113625165
38.8047211133552,8.89296759167429,0.063214286,0.281279886197065
37.8176349240974,8.89226383088336,0.063214286,0.294225086934367
38.6177921040351,8.89118541701106,0.063214286,0.250406124299929
39.6303944837272,8.89029804415039,0.063214286,0.247351273152302
40.5661710018353,8.8896925391026,0.063214286,0.24494760272944
41.1805776964993,8.88978364941387,0.063214286,0.242264684401747
31.1253397808546,8.89155791127945,0.063214286,0.23887253892039
27.9028836656347,8.89372752711279,0.063214286,0.236493531776917
2.62000223691396,8.9361144867629,0.063214286,0.230052881701082
22.5289492072392,8.89730960249888,0.063214286,0.233815162535999
22.5289492072392,8.89552833259237,0.063214286,0.235004767891099
22.5289492072392,8.89499293071728,0.063214286,0.235364638995594
22.5289492072392,8.89463031606235,0.063214286,0.235657589974863
2.10675175438917,8.92018333801129,0.063214286,0.231072937557084
2.58579973382989,8.92820067954486,0.063214286,0.230582741576953
2.70298173901226,8.96106679490863,0.063214286,0.228380744838606
2.69821462203149,8.95724383927686,0.063214286,0.228637133859282
2.64975457099524,8.94389758288135,0.063214286,0.229531507566756
11.1518150606903,8.90095340019131,0.063214286,0.232166813342382
35.0432454299928,8.91204617829073,0.063214286,0.121145273812325
0.946028100958853,8.90597809594339,0.063214286,0.231407612217791
0.138055644523978,8.91246021028398,0.063214286,0.231315491906999
2.61220718100436,8.96376737355943,0.063214286,0.228201492882761
2.67049888660487,8.95156497942212,0.063214286,0.22901779478712
36.9989326486537,8.90898027499787,0.063214286,0.118070620540321
32.613833131001,8.9152340488533,0.063214286,0.124119233215325
29.2208633469206,8.91877594746814,0.063214286,0.127166201856287
13.4521223540901,8.92552653048774,0.063214286,0.130891123117058
9.32674088657591,8.93182778209255,0.063214286,0.132743995055505
2.62285794001897,8.96557280446338,0.063214286,0.22808448896645
41.5366764010526,8.90612446710346,0.063214286,0.114933681594854
46.9130699116754,8.90465604250637,0.063214286,0.112994860256637
23.3371089278159,8.92152548406729,0.063214286,0.129193865462562
8.31768780328279,8.93865184339669,0.063214286,0.134317705639586
39.5784980493378,8.97758584751157,0.063214286,0.207218325640137
39.7140032792194,8.97855123380842,0.063214286,0.201765781029299
2.26600223452299,8.9696144736559,0.063214286,0.227851561417762
2.26600223452299,8.96777532280777,0.063214286,0.227952040772662
51.158709774543,8.90349477633404,0.063214286,0.109320603929076
51.158709774543,8.90400793598604,0.063214286,0.111183567504933
44.5816757408834,8.90378812678068,0.063214286,0.105618318043518
40.099737778531,8.97984702577818,0.063214286,0.194444623809139
7.50670194578211,8.94590859373834,0.063214286,0.135814762520117
39.4601782741168,8.97695460936587,0.063214286,0.210793863289266
3.5748601502411,8.97132104693689,0.063214286,0.227750629049028
40.3511870480727,8.97566013289805,0.063214286,0.227431767902941
2.3986798414588,8.97493616193773,0.063214286,0.227564041194826
46.4521365622568,8.90341829616474,0.063214286,0.107684817999657
41.4338926341523,8.90437883649901,0.063214286,0.103280749862833
40.4802144657499,8.98119103927653,0.063214286,0.186820365944477
6.87577306024965,8.95336346951384,0.063214286,0.13720591722544
39.385761095725,8.97632698806102,0.063214286,0.214349903641595
0.8109483906722,8.97292859339598,0.063214286,0.227674446557806
3.11413700270555,8.97387645982021,0.063214286,0.227634604856626
28.8401317097281,8.97535982973603,0.063214286,0.225968254691996
40.3705429623394,8.97569033011386,0.063214286,0.227022503791588
39.3169281578953,8.90525726386633,0.063214286,0.100370297658486
40.8149727282894,8.98259224582693,0.063214286,0.178863340305848
6.37947510596647,8.96074529182532,0.063214286,0.13846237319246
39.4359821391418,8.97570359494986,0.063214286,0.217883173424332
5.80064116596576,8.97462083817834,0.063214286,0.224641522114282
28.7814896109923,8.97486640930647,0.063214286,0.2249457418609
39.5514159009079,8.9746327634606,0.063214286,0.223955458290398
36.5554596332231,8.90630676842228,0.063214286,0.097123379065387
41.0533022908556,8.98357294404471,0.063214286,0.173288129196026
4.06623668281076,8.9817910894583,0.063214286,0.141288793775424
5.76078180681,8.96888342739273,0.063214286,0.139717789968208
5.82296185184896,8.96544837243047,0.063214286,0.139215865486928
39.5795332941764,8.97528840099896,0.063214286,0.220238248532911
39.5708889336974,8.97496238976925,0.063214286,0.222086334808082
32.357352419354,8.90747090596481,0.063214286,0.0937995018791436
41.0539644077308,8.98428053710089,0.063214286,0.169246786073279
3.27623946969032,8.98363100192847,0.063214286,0.141454197390573
3.27623946969032,8.98595637563798,0.063214286,0.141646197675704
3.27623946969032,8.98511589620903,0.063214286,0.141579993170865
3.97811732489219,8.97989489379446,0.063214286,0.141100709710526
4.90770099839326,8.97771106575344,0.063214286,0.140858384778262
4.90770099839326,8.97527766118231,0.063214286,0.140564184058971
4.90770099839326,8.97261427480695,0.063214286,0.140237577192387
24.9274639175382,8.90938811760407,0.063214286,0.0889867131504053
40.2900788777592,8.98798289648541,0.063214286,0.148158742529855
40.223405062265,8.98853936769514,0.063214286,0.14501191599626
2.93858427164472,8.98774995520944,0.063214286,0.141773398820345
40.7731228686529,8.98661243902803,0.063214286,0.155954501491326
40.9535269514225,8.98592401632368,0.063214286,0.15987539805404
40.9535269514225,8.98543035956466,0.063214286,0.162690154104417
40.9535269514225,8.98496011893232,0.063214286,0.165372643920527
40.520683256443,8.98743712084047,0.063214286,0.151258474915349
6.7746026405274,8.91137305848179,0.063214286,0.0845654497759743
-7.64815087145232,8.91276278626298,0.063214286,0.0823120568372354
40.2334741700568,8.98832194688035,0.063214286,0.14624063384915
40.1614393508192,8.98910053547902,0.063214286,0.141892757685382
40.1782560299463,8.98883085078071,0.063214286,0.14339163407033
-18.2870095339336,8.9147120317152,0.063214286,0.080263398462643
-16.6358883489872,8.91823068138893,0.063214286,0.0782987459094125
-6.98425728674863,8.92327001230652,0.063214286,0.0769506293829124
-3.25886335187323,8.92971055991421,0.063214286,0.0759612670375758
-2.2834526428691,8.9371392525171,0.063214286,0.0749815434958812
-1.44806811923617,8.94467887393911,0.063214286,0.0739894673375937
-0.845161779109453,8.95203966406485,0.063214286,0.0730204408996763
-0.124377673303379,8.95749877092263,0.063214286,0.0723015682588265
0.299011192966661,8.96130118410774,0.063214286,0.0718007827891641
0.86298651902325,8.96423070816813,0.063214286,0.0714141408959003
1.00462363066309,8.96647968822052,0.063214286,0.071111449258633
10.1090883909232,8.96852896527476,0.063214286,0.0694455281350362
18.1173558155711,8.9694524030188,0.063214286,0.0664735679577097
-22.5129981311231,8.97016331488667,0.063214286,0.0646339674488611
-6.3287777169349,8.97388639357092,0.063214286,0.0701563368090866
-4.17889319401125,8.97184490653808,0.063214286,0.0704264465107698
-5.78195295707009,8.97351109200917,0.063214286,0.070228808319091
-9.13473250660062,8.97148660323631,0.063214286,0.0639276843754066
-6.35485589764816,8.97461824812759,0.063214286,0.0700120790183663
30.547296632054,8.97182806389092,0.063214286,0.0697614032282383
3.8339856121357,8.97261001716646,0.063214286,0.0703400291729942
0.32235143179006,8.973264659541,0.063214286,0.0702675827725693
-5.31811877842328,8.97585976456363,0.063214286,0.0697956955279685
46.3879770548274,8.97223761883084,0.063214286,0.0639388273991767
36.5646971180915,8.97225792637921,0.063214286,0.0647186452046133
32.0370704765751,8.97209182584648,0.063214286,0.0689980092375827
-5.85767362366129,8.97763996204532,0.063214286,0.069493396521314
33.8762593247058,8.97228767600616,0.063214286,0.0658543741187708
32.0780780358029,8.97220918753212,0.063214286,0.0679488613842356
-6.30883009555291,8.98084544361994,0.063214286,0.0688939323221268
33.0310092609341,8.97231129398682,0.063214286,0.066763027157137
-5.4198822477538,8.98521129250404,0.063214286,0.0680524786786245
-4.81941372271358,8.98812626166216,0.063214286,0.0674874094553105
-0.296344799200115,9.17426724789281,0.063214286,0.0478460594712031
-4.03111956831013,8.9902884495964,0.063214286,0.0670682954032263
-0.312008469988579,9.15869527653326,0.063214286,0.0486161160074479
-3.33715487525846,8.99358865296781,0.063214286,0.0664285587396263
-0.333205963373124,9.14314211564942,0.063214286,0.0493775552628981
-2.46148927120167,8.999915807084,0.063214286,0.0652018573342101
-0.368053356543314,9.12750966801083,0.063214286,0.0501393131785728
-1.93207758711556,9.00823874320665,0.063214286,0.0635878448045014
-0.404550824785807,9.11191443310896,0.063214286,0.0508929058769896
-1.67777284815912,9.01988314718575,0.063214286,0.0613286459770472
-0.470171421094919,9.09645479977648,0.063214286,0.0516347636277651
-1.65629351030186,9.0353701918733,0.063214286,0.0583214758325211
-0.679808392282803,9.08110879886489,0.063214286,0.0524668650928816
-1.63034796366053,9.05071236924467,0.063214286,0.0556011620646387
-1.22823499509996,9.06589655060939,0.063214286,0.0536571419254218
-0.646916708330318,9.89294933471966,0.063214286,0.0100309939533736
-0.635074199075079,9.87732843684977,0.063214286,0.0108360710938577
-0.624148723903053,9.8617075808114,0.063214286,0.0116411864072729
-0.61964870027033,9.84601931863182,0.063214286,0.0124546011920041
-0.609324035321389,9.8303513742559,0.063214286,0.0132736664569968
-0.596928330025487,9.81477118614293,0.063214286,0.0140900810374407
-0.585718426807499,9.79919107726018,0.063214286,0.0149065469699013
-0.576630594489236,9.78361124787915,0.063214286,0.0157247543004578
-0.569470123799329,9.76803163387941,0.063214286,0.0165484547722922
-0.556481127837899,9.7524520150218,0.063214286,0.0173758989587462
-0.544042172263312,9.7368724235089,0.063214286,0.01820328127483
-0.533448694923288,9.72118758493276,0.063214286,0.0190364297037772
-0.522437537372924,9.70548088321876,0.063214286,0.0198717551990567
-0.513741427540438,9.68985725724979,0.063214286,0.0207063978978325
-0.501592601610443,9.67423326323046,0.063214286,0.0215443098470511
-0.48945203675918,9.65860922433537,0.063214286,0.0223825840003885
-0.477468176388014,9.64298518544027,0.063214286,0.0232208581537258
-0.465837408377452,9.62736112518856,0.063214286,0.0240592086178001
-0.454482154271646,9.61173689130204,0.063214286,0.0248980064278268
-0.443048275366566,9.59611216659758,0.063214286,0.0257375150493854
-0.431485621796188,9.5804870814222,0.063214286,0.0265773717782565
-0.420105089775695,9.56486197431568,0.063214286,0.0274172368381236
-0.408809285439698,9.54917343975223,0.063214286,0.0282605111869353
-0.397563859748536,9.53350708113483,0.063214286,0.0291025787816714
-0.386343831180727,9.51792622547918,0.063214286,0.0299397503897736
-0.374655354855787,9.50234479899973,0.063214286,0.0307753182656004
-0.36442069522386,9.48676287638051,0.063214286,0.0316094908364903
-0.354268781507994,9.4711809480806,0.063214286,0.0324435908164095
-0.343625993383964,9.45559895589743,0.063214286,0.0332775760352092
-0.333862259450143,9.43992524215885,0.063214286,0.0341154511358498
-0.323175104959554,9.42422911613717,0.063214286,0.0349510383733873
-0.314342928330452,9.4086020392037,0.063214286,0.0357787082794897
-0.306709548537276,9.39297478604593,0.063214286,0.036604752285525
-0.299065655858335,9.37734753119883,0.063214286,0.0374306816798229
-0.291012886342194,9.36172025483522,0.063214286,0.0382551512961796
-0.282974776597167,9.34609261214899,0.063214286,0.0390740797583689
-0.277967619541929,9.33046453731861,0.063214286,0.0398879096238482
-0.274061214943107,9.31483637683952,0.063214286,0.0407008368805809
-0.269967999474164,9.29920822927805,0.063214286,0.0415136271896792
-0.26508520129158,9.2835803891532,0.063214286,0.0423229694193868
-0.282414064117217,9.18984801979885,0.063214286,0.0470715638602149
-0.261343963393866,9.26795319158768,0.063214286,0.0431235119509637
-0.271725669010706,9.20542915687378,0.063214286,0.046296177493578
-0.262972418587552,9.25226657771197,0.063214286,0.0439216021772326
-0.269165623349385,9.22101306413687,0.063214286,0.0455115828261174
-0.2652859170782,9.23659986394155,0.063214286,0.0447186755803186
2.81333190696412,9.19595104282196,0.063214286,0.690716300516634
2.4275685966106,9.21077595495504,0.063214286,0.697032193956141
2.50788772958246,9.22614316818322,0.063214286,0.703231408282959
2.46321572284766,9.24161976171621,0.063214286,0.709433787428577
-5.30386180360267,10.4617517094974,0.063214286,1.15288007578787
2.32957823894899,9.25763530910096,0.063214286,0.715781224183002
-4.86063902505683,10.4461584356906,0.063214286,1.14518953937885
2.11527064271419,9.27283388065636,0.063214286,0.721593124150139
-4.53077583479672,10.4305943682762,0.063214286,1.1374677613809
2.15840345589124,9.28796916809401,0.063214286,0.727194430304392
-4.28595690770339,10.4150435111757,0.063214286,1.12969781419459
2.12441192472778,9.30399280587503,0.063214286,0.73310949327186
-3.89641451062837,10.3994813722392,0.063214286,1.12175432377754
2.02782830959228,9.31957203492194,0.063214286,0.738789042705726
-3.45213445284713,10.3840361316543,0.063214286,1.11375891122523
2.02292905115287,9.3350430863147,0.063214286,0.744329183900891
-2.88072211870179,10.354798930744,0.063214286,1.09859275297642
-3.09465557518979,10.3684797233303,0.063214286,1.10569091241923
2.06426465940323,9.35061748400424,0.063214286,0.74987985630265
-2.85133536249756,10.3472718404566,0.063214286,1.09468642028704
2.26741966551014,9.3662427682244,0.063214286,0.755673308158786
-2.14552786009455,10.3255650929756,0.063214286,1.08301094639237
-2.48137119245474,10.3369927451131,0.063214286,1.08918797944938
2.04842605108891,9.3824748074714,0.063214286,0.761910382361604
-1.90406724041593,10.3177809262774,0.063214286,1.0787745878066
2.02537365626757,9.39761479324622,0.063214286,0.76778853233033
-1.56573511194371,10.3051665330137,0.063214286,1.07189762816912
1.85316490653016,9.41265226374018,0.063214286,0.773820275681501
-1.25065015914891,10.2895979647934,0.063214286,1.06340954436977
1.42362065200283,9.42872760299129,0.063214286,0.780334844680025
-0.912947319433114,10.2743420395765,0.063214286,1.05503399997622
0.957242733516551,9.44423245257029,0.063214286,0.786425492810782
-0.484738322224088,10.2587724027689,0.063214286,1.04632144218364
0.654500386092467,9.45965153603221,0.063214286,0.792292296774565
0.000512978007591505,10.2436646308269,0.063214286,1.03771558209167
0.0874961308497337,9.47476660680621,0.063214286,0.797813537441731
0.427065892275149,10.2280963484193,0.063214286,1.02880329732624
-0.193996013497383,9.4899702972518,0.063214286,0.802990713372295
0.815285995418841,10.2146176840952,0.063214286,1.02107153306258
-0.717648366714776,9.50530417711495,0.063214286,0.8076480311651
0.9432895795304,10.2071081122566,0.063214286,1.01674443052853
-0.686653465095043,9.52044831711592,0.063214286,0.811452408734638
1.27669912638114,10.1963237271198,0.063214286,1.01050842605549
-0.482245011628349,9.53545469217479,0.063214286,0.814339409822245
1.64553883870719,10.1804754455526,0.063214286,1.00130819521225
-0.141423802964548,9.55059107454787,0.063214286,0.816616241257836
2.13286946355223,10.1654893385777,0.063214286,0.992486521832085
-0.0577239361651249,9.56220365989186,0.063214286,0.818267397803672
2.64033159158941,10.1499133701359,0.063214286,0.98317939288142
0.0080760306353212,9.5698479374527,0.063214286,0.819303219452921
3.0755744330668,10.1350279376739,0.063214286,0.97422706505849
0.0627012023276256,9.57730187601165,0.063214286,0.820283943648636
3.57292831587486,10.1188163173101,0.063214286,0.964423597217716
0.073524001264689,9.59000750727402,0.063214286,0.821885908314633
0.0822716332889128,9.58457691365084,0.063214286,0.82121190302966
4.08276201705841,10.1025319568144,0.063214286,0.95447309517967
0.0783082747607175,9.59374277784574,0.063214286,0.822319275091864
4.52411306962706,10.0877498445678,0.063214286,0.94536861698964
-0.452809065694353,9.84123052878599,0.063214286,0.800174445285186
0.212169472907129,9.59639812171315,0.063214286,0.822438708183185
5.43271366235511,10.0599772828643,0.063214286,0.928095892195836
5.03385868401797,10.0721696236321,0.063214286,0.935715306207955
-0.477458901067001,9.84368242458734,0.063214286,0.800058277418075
-5.19366866461421,9.83862140972751,0.063214286,0.800997686082733
0.386598149241068,9.59808565297244,0.063214286,0.822525764486734
5.62923390281028,10.0521833415722,0.063214286,0.923198063513272
0.535504275099609,9.84506204830472,0.063214286,0.800020705319414
-7.27785704411637,9.83681442103827,0.063214286,0.802368115097286
1.50881475681873,9.6053850325506,0.063214286,0.822056739951005
-0.627395604481835,9.59901683281347,0.063214286,0.822466287547605
-0.65136472340532,9.60084409854874,0.063214286,0.821817003624372
6.02069497285055,10.0405871664589,0.063214286,0.915896924671852
-0.372252746220098,9.84726587697308,0.063214286,0.79995555646486
-7.57013305970591,9.83577369229205,0.063214286,0.803623874696038
0.910025267998801,9.61055891688207,0.063214286,0.823275713451474
6.4426097615344,10.0250009637342,0.063214286,0.906021457183705
-0.503051666722049,9.85219112700039,0.063214286,0.79968917472521
-7.91079318499262,9.83463157582638,0.063214286,0.805227395137565
0.828203982787212,9.61587656380642,0.063214286,0.824465136865825
6.84885536247942,10.0103929415135,0.063214286,0.896683596411997
-8.5828397769543,9.83096454978283,0.063214286,0.81167991451673
5.09626363204949,9.85567000385873,0.063214286,0.799819096675521
-8.57756167852886,9.83296441666126,0.063214286,0.808072775373756
-8.81549695690164,9.83566405923504,0.063214286,0.84472022335896
0.719391294305476,9.62081053933841,0.063214286,0.825521984539353
0.719391294305476,9.61950496510838,0.063214286,0.825250035745886
7.20651142115123,9.99429603642018,0.063214286,0.886314034093044
-8.58618607489019,9.82925636476255,0.063214286,0.814761147229129
5.07430675531284,9.85936362382684,0.063214286,0.802079767619081
-8.89663359784752,9.83622252783572,0.063214286,0.846047928283217
0.699367810444349,9.62540137901039,0.063214286,0.826462749517904
7.36328297689266,9.97798133373407,0.063214286,0.875739880700256
-8.58971365452959,9.82758335660277,0.063214286,0.817779192257806
-4.49519052809819,9.8227516988381,0.063214286,0.826064526195639
7.31934590505968,9.96464696704261,0.063214286,0.867044775543283
5.0629335803097,9.86296915316129,0.063214286,0.804286116348961
7.01814645765157,9.95114362027102,0.063214286,0.858196074641517
-7.66127830892282,9.83602282765681,0.063214286,0.847497063829723
0.603826301089633,9.63333012278447,0.063214286,0.828048729478013
-8.59683208999026,9.82558272767025,0.063214286,0.821388862228988
-8.60652293155404,9.82322136597321,0.063214286,0.825650007949518
-8.60248341402371,9.82364642119839,0.063214286,0.824882951143413
-8.89163666151524,9.82138807786663,0.063214286,0.82735042998953
-4.97217167827109,9.82206711082569,0.063214286,0.826442135644599
7.09008707807288,9.95685129416031,0.063214286,0.861942673322211
5.05967691340838,9.86490870217483,0.063214286,0.805473501025832
6.69898995729244,9.94335062447007,0.063214286,0.853067466910283
-7.8219950687871,9.83506050637814,0.063214286,0.848982707603853
0.54943585426298,9.64474106927711,0.063214286,0.830175908042457
-8.60613432955907,9.82421790435892,0.063214286,0.823851651216899
5.02056242857176,9.87329082004093,0.063214286,0.8106078448048
5.02056242857176,9.86794562717308,0.063214286,0.807333553083635
5.02056242857176,9.87068612752252,0.063214286,0.809012219070394
6.42743141015336,9.93731492463996,0.063214286,0.849085218548294
-7.95666249618697,9.83406377229496,0.063214286,0.850521685630484
0.509609160396347,9.66015978533979,0.063214286,0.8328495944392
1.7897083015593,9.90771178230711,0.063214286,0.83025833944212
2.77447914124498,9.90863318484728,0.063214286,0.830436188541462
4.96300301520561,9.87911533525877,0.063214286,0.814174011969368
6.22835910804905,9.93229125426844,0.063214286,0.845758633577483
6.00591908091433,9.92891891989983,0.063214286,0.843521074924767
-7.03665689355518,9.83281111844108,0.063214286,0.852453923675402
0.524507624809793,9.6757559507755,0.063214286,0.835358748162875
1.61407991209499,9.90667443090988,0.063214286,0.83007208601677
4.59456190164904,9.90950347772474,0.063214286,0.830783745224284
4.82371506335248,9.89700305557754,0.063214286,0.825142708283889
4.86502260615608,9.89099499072647,0.063214286,0.821457019046166
4.83571086494828,9.89401215622995,0.063214286,0.823308195627983
4.89498594188141,9.88652986046146,0.063214286,0.818717117981633
5.55472068035259,9.91863882742211,0.063214286,0.836685617997408
5.83926555567802,9.92431664806332,0.063214286,0.840461901148774
1.26492457274979,9.82974189560148,0.063214286,0.853274100807129
0.532589623914327,9.69118523318671,0.063214286,0.837679587255405
2.65525452515509,9.90559149523175,0.063214286,0.829789635005823
4.77695391477123,9.89992337434466,0.063214286,0.826931769000955
5.48188951361816,9.91191207774228,0.063214286,0.832194212504226
5.50683681251117,9.91527345744913,0.063214286,0.834440939057168
1.15974064999642,9.82477122234948,0.063214286,0.852620647707226
1.27610008791823,9.8200687955776,0.063214286,0.851959898977169
0.558154023823934,9.70649287762059,0.063214286,0.839826462602471
4.20041352784116,9.90304574156659,0.063214286,0.828681752828261
1.26012866808499,9.81695939214215,0.063214286,0.851500299561413
0.570557106109353,9.72960363221686,0.063214286,0.842776330898519
0.561917056038681,9.72128867908755,0.063214286,0.841753723576522
1.38906922715244,9.81228310039954,0.063214286,0.850741997420739
0.538465073575073,9.7357661846315,0.063214286,0.843478988495563
1.51144378168644,9.80488084972971,0.063214286,0.849442396431814
0.526105247003814,9.74408507608912,0.063214286,0.84441582176512
0.751610323926613,9.74754295095773,0.063214286,0.844799548443354
1.6041962427198,9.79729337584546,0.063214286,0.847996906017228
0.375196547098884,9.75060715191943,0.063214286,0.84155645067442
1.68785986088191,9.78178843647448,0.063214286,0.844817776375432
1.62193633139347,9.78955084197523,0.063214286,0.846443368597254
2.23520768138104,9.76119572610699,0.063214286,0.840109513335688
1.66513785259918,9.7734214599702,0.063214286,0.842960331501001
1.84600745225189,12.3439258196603,0.063214286,1.30097290019843
1.91183026693881,12.3595512380655,0.063214286,1.29939196053372
1.90466247548408,12.3750053352357,0.063214286,1.29778953959321
1.88131556695833,12.3907242844956,0.063214286,1.29614978413668
1.85091801173588,12.3126145912362,0.063214286,1.30406919411686
1.84907136012429,12.3282241336879,0.063214286,1.30253030901012
1.877427049576,12.2813954617932,0.063214286,1.30710589953677
1.85303126484077,12.2970050313778,0.063214286,1.30559203055816
1.6742163681842,12.1409426355898,0.063214286,1.31961653967693
1.78241382978342,12.2375076164701,0.063214286,1.31115189271485
1.77597055127963,12.2502237677836,0.063214286,1.30999700623826
1.79015663101542,12.2657871216684,0.063214286,1.3085775459669
1.86293044784139,12.4064130590871,0.063214286,1.29451313810112
1.67178987997492,12.1565452459759,0.063214286,1.31834539480778
1.76916285725596,12.1722530372221,0.063214286,1.31702834212857
1.81699780203508,12.1879019348021,0.063214286,1.31564949833402
1.81155734087361,12.20338494142,0.063214286,1.31425002982438
1.79778960943272,12.2191121877938,0.063214286,1.31282257366897
1.7854483697012,12.2298250513927,0.063214286,1.3118496266671
1.89152394221396,12.4219243089028,0.063214286,1.29287083562678
1.89304312344294,12.4375639838342,0.063214286,1.29118317962188
1.87191404653615,12.4532110576021,0.063214286,1.28948047292497
1.85137900399608,12.4688561703493,0.063214286,1.2877635977937
1.83419784528233,12.4846487445028,0.063214286,1.28601015667504
1.76284332430093,12.5003733336419,0.063214286,1.28425829242086
1.60637273114884,12.5159049373111,0.063214286,1.28257105868067
1.32679886213839,12.5318431669519,0.063214286,1.28099247963191
1.18284534904674,12.5476744346264,0.063214286,1.27961104365795
0.788961760335355,12.5632565674799,0.063214286,1.27852634352425
0.462291344337728,12.5790985294195,0.063214286,1.2778254637866
0.205236758410105,12.594941194001,0.063214286,1.27747239029078
-0.281584371006127,12.6106805209958,0.063214286,1.27750206618567
-0.444310729968146,12.6263149803266,0.063214286,1.27780608190892
-0.121152579312591,12.6417531486441,0.063214286,1.27799590795978
0.637100435081054,12.6570048112433,0.063214286,1.27782827567374
3.32034388458027,12.6722532468891,0.063214286,1.27676083531028
3.13179307497361,12.6875215979144,0.063214286,1.2749388653824
3.39051649453421,12.7028509394516,0.063214286,1.27294159151598
3.49922853435922,12.7184145380883,0.063214286,1.27076036451941
3.81842991183132,12.7338145644739,0.063214286,1.26844455182947
4.00379355428153,12.7490536401894,0.063214286,1.26595459792677
4.32483626433095,12.7644618063201,0.063214286,1.26324313068829
4.52478482512962,12.7798609191929,0.063214286,1.26031540255069
4.79166727510075,12.795263916262,0.063214286,1.25716555788217
5.05874075557888,12.8106739752668,0.063214286,1.2537519182714
5.18513106591426,12.8284051986068,0.063214286,1.24951386987506
5.17809309866669,12.8208033489385,0.063214286,1.25137862339922
5.37319360773551,12.8413467245067,0.063214286,1.24619224118598
5.46405994547692,12.8833016431248,0.063214286,1.23378600442577
5.51489995400644,12.8758289110581,0.063214286,1.23622895274285
5.53437345731127,12.8683826978443,0.063214286,1.23854772481132
5.4774098997708,12.8567653764343,0.063214286,1.24195117755372
5.3922426196325,12.889123913092,0.063214286,1.23180880579677
5.30363223215779,12.892730910102,0.063214286,1.23053209477245
5.22508534554227,12.8960213886929,0.063214286,1.22933738824042
5.26109797695479,12.8988680282131,0.063214286,1.22826229829077
6.56956281182302,12.9011647834416,0.063214286,1.22724179960454
8.56481851076658,12.9029319039449,0.063214286,1.22600397107573
11.372276065434,12.9048429586869,0.063214286,1.22307451710412
11.372276065434,12.9045065824939,0.063214286,1.22372133184913
11.372276065434,12.9038002098176,0.063214286,1.22510775557421
11.372276065434,12.904147556793,0.063214286,1.22440247345994
12.1595327727177,12.9053648936729,0.063214286,1.22117152587785
11.988956373427,12.905286132204,0.063214286,1.21821828383643
10.0679212270948,12.9038624460832,0.063214286,1.21503692392224
6.29473770431931,12.898014932493,0.063214286,1.20944536995255
7.57686404298812,12.9006189023105,0.063214286,1.21156905707325
3.67741802401779,12.890384115986,0.063214286,1.20594426642307
5.30089572717339,12.8955163147941,0.063214286,1.20808005776711
3.05855916088471,12.8840210884575,0.063214286,1.20396860554045
2.28365729882554,12.8773496656924,0.063214286,1.20235333321402
1.37904001976084,12.8701126231593,0.063214286,1.20119578579414
2.01234289493335,12.8622400779255,0.063214286,1.19999738253437
2.51819128633564,12.8543093117844,0.063214286,1.1983767923146
2.60573490857497,12.8467902808196,0.063214286,1.19665071161942
2.04689407036716,12.8395726172994,0.063214286,1.19515924741397
1.76721758071135,12.8321933353131,0.063214286,1.19391778985256
1.6225191260862,12.8245527813557,0.063214286,1.19277882309764
1.58304723235478,12.8167545556461,0.063214286,1.19168336568314
8.73506422218649,12.8107996757233,0.063214286,1.16977885801048
1.58934921987967,12.8086554402211,0.063214286,1.19055636194478
8.76310277100821,12.8140817633491,0.063214286,1.16589631741325
8.73566358765594,12.806410600513,0.063214286,1.17494946539461
1.57970906988071,12.7996262099803,0.063214286,1.18930162117441
8.82878870428118,12.8222218275075,0.063214286,1.15615096123881
8.72800381358989,12.799012976768,0.063214286,1.18365258872532
8.93255728206932,12.8351743142371,0.063214286,1.14045401193179
9.02892214962827,12.8489054765441,0.063214286,1.12356129322313
9.14475438667829,12.861493351833,0.063214286,1.10788120784779
9.23437562863215,12.869914869295,0.063214286,1.09728254560282
9.27558930275257,12.8760236846036,0.063214286,1.08951402262335
9.47304025176109,12.8901331844527,0.063214286,1.07137477159679
9.36103590091065,12.8844712223752,0.063214286,1.0786853973266
9.50016268186419,12.8971195961696,0.063214286,1.06215907406869
9.56622332106296,12.9094063665489,0.063214286,1.04590870731559
9.66197129820926,12.9225631331795,0.063214286,1.02833937834399
9.57728320931034,12.9169782119301,0.063214286,1.03586172498079
9.73676978389696,12.9365726265547,0.063214286,1.00901944299763
9.73701863895582,12.9312468627065,0.063214286,1.01641191981419
9.75198252967279,12.9433416454136,0.063214286,0.999717709635788
9.8212122461329,12.9548101319646,0.063214286,0.983805632990195
9.88665780464172,12.9683670216309,0.063214286,0.964498690148197
9.87746949495057,12.9629669713267,0.063214286,0.972264622881269
9.89801849102773,12.97616597587,0.063214286,0.953185807701483
9.93065141464237,12.9867466561092,0.063214286,0.93765160114603
9.90338552913413,12.9996530974882,0.063214286,0.918387444457981
9.91342071526339,12.9944804868243,0.063214286,0.926153101476369
9.87636298019473,13.0074827363679,0.063214286,0.906497899023702
9.83033562283825,13.0151027637909,0.063214286,0.894838866550049
9.80554350518724,13.0189309810084,0.063214286,0.888937855549343
9.79330149677897,13.0214384443288,0.063214286,0.885038738484216
9.78080971684522,13.0252312265978,0.063214286,0.879083922329603
9.72320500532585,13.0319367292399,0.063214286,0.868602261136749
9.72320500532585,13.0293543767428,0.063214286,0.872623431062527
9.47126005088015,13.0350457820699,0.063214286,0.864039132348925
7.98342577051227,13.0391075334485,0.063214286,0.859268217253811
6.09535371742501,13.0425839583942,0.063214286,0.856580271743534
5.81773533021954,13.0461822361535,0.063214286,0.854576804498798
6.15435190995721,13.0523099263254,0.063214286,0.851213278308647
6.6462543558072,13.0572682988996,0.063214286,0.848422320067311
7.55184916642973,13.0605922257149,0.063214286,0.846113862454607
8.76950485013542,13.0721666268066,0.063214286,0.835813134350659
8.76758593907868,13.0685709820714,0.063214286,0.839361831897502
8.34596117660309,13.0651382498054,0.063214286,0.842488317258604
8.90741583468087,13.0836157249527,0.063214286,0.824022761185466
8.84417868273044,13.0756063242035,0.063214286,0.832367913659067
9.06939763783065,13.0969782626778,0.063214286,0.809671841798764
9.17564144712337,13.1114793436047,0.063214286,0.793290752636184
9.08485088539952,13.1051173103199,0.063214286,0.800651559610394
11.172814078857,13.2208151280331,0.063214286,0.487127532531248
9.27404874470163,13.1256900021953,0.063214286,0.776160194781545
9.26745819246533,13.1194780730362,0.063214286,0.78378837466479
11.1151053266063,13.2226392691728,0.063214286,0.506063676098636
9.34740198009746,13.1569039539348,0.063214286,0.733955515937426
9.33228577713678,13.1458258256006,0.063214286,0.74968687786345
9.31548039385899,13.1340913859944,0.063214286,0.765427996369931
10.9638978174591,13.2239856613483,0.063214286,0.522985914365741
9.32371009328325,13.184937081786,0.063214286,0.688252143448808
9.29447378808304,13.1759137529609,0.063214286,0.703952312560935
9.33077984571137,13.1661792565141,0.063214286,0.719842770565244
10.7866340671231,13.2249044057337,0.063214286,0.538915968019715
9.37753393735762,13.2000606670171,0.063214286,0.658321701949423
9.3104297659971,13.1927216913197,0.063214286,0.673382055602717
10.3987026456253,13.225308945505,0.063214286,0.569379038188931
10.584528769721,13.2254140168025,0.063214286,0.554321663839326
10.1770950432051,13.2241305027222,0.063214286,0.584266470155074
9.93662339017887,13.2214307176142,0.063214286,0.599094422141865
9.73059841347765,13.2174396689109,0.063214286,0.61411391641644
9.50081981886538,13.2122892740664,0.063214286,0.629026663630435
9.44448895697775,13.2063573135141,0.063214286,0.64383247380195
11.1819543218848,13.219033887108,0.063214286,0.470079115541307
0.646830621600525,13.228851230654,0.063214286,0.462535166660794
0.978644676063966,13.2483204124805,0.063214286,0.461142684165295
1.24058636017558,13.2650233387698,0.063214286,0.459499875384402
1.68516470653849,13.2840788407614,0.063214286,0.457131048193562
1.4485640780401,13.2766149527237,0.063214286,0.458154588113014
2.82825416950054,13.2985301620973,0.063214286,0.454214850319715
2.29059426710802,13.2913965769578,0.063214286,0.455846271265499
3.37872229679755,13.3037994942807,0.063214286,0.452791026329039
3.73829272783296,13.3073161437185,0.063214286,0.451651738419176
3.83914294216966,13.3108512158373,0.063214286,0.450422768703842
4.04825175937095,13.3143956165577,0.063214286,0.449132601032481
4.43678983315123,13.3173134284272,0.063214286,0.447987750306689
5.56423704837895,13.3195608217456,0.063214286,0.44689630084575
12.4604672862505,13.2701352205325,0.063214286,0.368653883496593
4.87949005853082,13.2718691335045,0.063214286,0.370997134109697
2.41703978019587,13.2745547551873,0.063214286,0.371793444258837
7.89021750474635,13.3215364604426,0.063214286,0.445447268681714
12.7777270023278,13.2698200548142,0.063214286,0.36546634995737
1.52532440303283,13.2770015410492,0.063214286,0.372172801774364
10.1893282037803,13.3233836140501,0.063214286,0.442706590089835
12.7754906695681,13.270161624218,0.063214286,0.361209703274226
12.7754906695681,13.2699952698703,0.063214286,0.363249502906057
1.43527907048536,13.2800299535325,0.063214286,0.372519094396544
1.43648820266634,13.2839258860641,0.063214286,0.37295818334925
11.3441803376175,13.3248103205353,0.063214286,0.438156928290694
12.7674350890859,13.2706765859164,0.063214286,0.354896937670209
12.7736982231732,13.270452587599,0.063214286,0.357639019396985
1.43771331199072,13.2878055265247,0.063214286,0.37339544868932
11.5331372097638,13.3256180473598,0.063214286,0.432089197517382
11.6501512756089,13.3263042762486,0.063214286,0.424946644279108
12.7653919629945,13.2708248985563,0.063214286,0.353086958983109
1.43983679811944,13.2936138805902,0.063214286,0.374050071429455
11.8492605014012,13.3274556099991,0.063214286,0.409799003558428
11.7573035071526,13.3269191815751,0.063214286,0.417418980002464
12.7414972884792,13.2714869159282,0.063214286,0.34504240018242
12.7414972884792,13.2710720578589,0.063214286,0.35007938737365
12.7414972884792,13.2712961081923,0.063214286,0.347358995973488
1.44878082552568,13.3109726526486,0.063214286,0.376006496666704
1.44301024302356,13.301019608413,0.063214286,0.374884719483851
11.9479495664832,13.3279224202753,0.063214286,0.402204417242841
12.0602040098974,13.3282863168225,0.063214286,0.394900098732689
1.49475540772475,13.3153282708561,0.063214286,0.37650713912854
6.95038553683497,13.2861273915167,0.063214286,0.192674575455822
11.5245609088523,13.2846167597202,0.063214286,0.194107993087895
12.7026930535806,13.2719348476594,0.063214286,0.339613996901417
1.44691107019402,13.3072224599898,0.063214286,0.375583808181328
12.2557397383001,13.3284759930891,0.063214286,0.388668690303256
2.36885684877555,13.320880664667,0.063214286,0.377302868521972
12.4397640322284,13.3282310561294,0.063214286,0.384034541174721
2.38294725930736,13.2882219590339,0.063214286,0.191681772746824
12.1456775809167,13.284132095141,0.063214286,0.195547045281391
12.6634854167426,13.2726098831492,0.063214286,0.331438255661929
5.94322489073161,13.3247173942177,0.063214286,0.378484378479487
11.2727484626154,13.3271133019702,0.063214286,0.38067741778562
1.10266465468782,13.2903720570618,0.063214286,0.191405069603268
0.76236329058938,13.292784343086,0.063214286,0.191224506709267
0.706962878440446,13.2959264149353,0.063214286,0.191042045108509
12.4738543566862,13.2838829735775,0.063214286,0.196603626268935
12.4738543566862,13.2837104279921,0.063214286,0.197879448593652
12.6251767658956,13.2735715630333,0.063214286,0.319788495914698
0.700331191848607,13.299929022703,0.063214286,0.190816772178848
12.5491034265314,13.2833896079744,0.063214286,0.201040116045439
12.602090183163,13.2748614250905,0.063214286,0.304150619754157
0.700239261583266,13.3038220630383,0.063214286,0.190598365761784
12.5589763243711,13.2830448544482,0.063214286,0.205193064097195
12.6162307368899,13.2761537419929,0.063214286,0.288479394386893
0.70072385693909,13.3075901730303,0.063214286,0.190386749020585
12.5679706576321,13.2827362299899,0.063214286,0.208915900668205
12.6340610687864,13.2774349845951,0.063214286,0.272958117394639
0.701990991944899,13.3112640919243,0.063214286,0.190180104471104
12.5868638212332,13.2822758195066,0.063214286,0.214479172682831
12.6578891855223,13.2787303220843,0.063214286,0.257292650811235
0.716245810604994,13.314631557622,0.063214286,0.189989073644606
12.6146487413106,13.2816397071221,0.063214286,0.22217150797182
12.6353867876192,13.281002348073,0.063214286,0.229870039316098
12.6569588908039,13.2800322056143,0.063214286,0.241575421625656
0.838564190923072,13.3175976584708,0.063214286,0.18980635972944
1.88861808563586,13.32012383357,0.063214286,0.18954187329777
4.43615020735691,13.3221555396249,0.063214286,0.189038081478161
8.69658599482052,13.3255199439971,0.063214286,0.186582815273344
8.69658599482052,13.3236695390981,0.063214286,0.18822421488481
8.69658599482052,13.3246519069268,0.063214286,0.187372045107831
11.1922471796168,13.3271562398663,0.063214286,0.184329582493225
13.434753127748,13.3289165654567,0.063214286,0.176116848838891
13.2020692091987,13.3287277723908,0.063214286,0.180541409593079
13.1679523503104,13.3277728649977,0.063214286,0.168429421979336
13.1679523503104,13.3281536143497,0.063214286,0.170524213838326
13.1679523503104,13.3285120027164,0.063214286,0.172580448798871
13.0437804979941,13.3267984459667,0.063214286,0.163836727213972
12.9130795836132,13.3250724666225,0.063214286,0.156712200351289
12.8223408389825,13.3230948531468,0.063214286,0.149885940312888
12.8604602040312,13.3209043251148,0.063214286,0.143480997978549
12.1942371295214,13.3185182032825,0.063214286,0.138142570793092
8.62879959689019,13.3117315391882,0.063214286,0.131680114817109
9.63741298424557,13.3152354964666,0.063214286,0.134278740111013
7.85927221455741,13.3046977465036,0.063214286,0.128385120057304
8.89990352171845,13.3089685791222,0.063214286,0.130129184485213
3.90939263389275,13.29860655612,0.063214286,0.126784795903975
1.20282683043946,13.2921622586967,0.063214286,0.126017578924742
0.698209027815828,13.2778847966226,0.063214286,0.125208017706421
0.852762323086921,13.2852785209414,0.063214286,0.125602072310879
0.547514669730885,13.2622566697551,0.063214286,0.124380712958747
0.608169191029558,13.2701725851114,0.063214286,0.124803998365487
0.857844880745881,13.2454002322828,0.063214286,0.123177221557486
0.560414096616139,13.2540953491386,0.063214286,0.123904057843663
2.09340654164154,13.2362676120993,0.063214286,0.121596588100237
3.85322640073253,13.2270132351176,0.063214286,0.118696490031359
5.42619310116064,13.2184125705029,0.063214286,0.115080061901696
6.83494456683556,13.2103616409009,0.063214286,0.111331829176732
8.067397584313,13.1950923357488,0.063214286,0.105005718439948
8.067397584313,13.1998385639817,0.063214286,0.106853025708674
8.067397584313,13.2042073169568,0.063214286,0.108594456326365
6.81081367333856,13.1891601489831,0.063214286,0.103102020420871
3.65001527633186,13.1821652760744,0.063214286,0.10157694520439
2.27011828381347,13.1598464832531,0.063214286,0.0986101677307229
2.5050876133312,13.1675838867482,0.063214286,0.0995742909398271
2.81815122459328,13.1750652367438,0.063214286,0.100548515354094
2.11556170049372,13.1520987855051,0.063214286,0.0976686299916232
1.8252867259803,13.1365982080396,0.063214286,0.0958376931038118
1.9532384786018,13.1443405035747,0.063214286,0.0967435971690583
1.68386166852181,13.1289223294962,0.063214286,0.0949564931242829
0.476669872807811,13.1067845750861,0.063214286,0.0933089551640037
1.35717146952425,13.1213192468864,0.063214286,0.0941554588775322
3.72422512108418,13.101442361698,0.063214286,0.0924855906768687
0.464144834961505,13.1037786224615,0.063214286,0.0931841383650178
0.55485848369562,13.1161424493931,0.063214286,0.0937099540733236
0.55485848369562,13.1133026108928,0.063214286,0.0935765720193384
0.55485848369562,13.1106545358323,0.063214286,0.0934643037595659
0.55485848369562,13.1094440619347,0.063214286,0.0934137547200483
3.96784317539959,13.0951393440871,0.063214286,0.0903483432326246
4.26805078514881,13.086711518407,0.063214286,0.087546597511331
4.48545240426087,13.0790702450284,0.063214286,0.0850599960795089
4.65189237661034,13.0714838714363,0.063214286,0.0826537273834601
4.8043694827118,13.0633574227681,0.063214286,0.0801394953606202
4.9326877821939,13.0557149141046,0.063214286,0.0778252599546333
5.15695475218273,13.0282408446431,0.063214286,0.0699951541156154
5.00433977287513,13.0482638215267,0.063214286,0.0756253768886386
5.14574619911164,13.0173612376881,0.063214286,0.0670741656278267
5.20384561181026,13.0095852399872,0.063214286,0.065049001416844
5.14483482538757,13.0018744508854,0.063214286,0.0630909741473129
5.19720294174591,13.0244489696376,0.063214286,0.0689634974769783
5.07738041187981,13.0327762895518,0.063214286,0.0712422224709969
5.05260288674768,13.0405436556195,0.063214286,0.0734097379000015
5.13102598368172,12.994212498544,0.063214286,0.0612064918574179
5.09666465416835,12.9864609751411,0.063214286,0.0593502609490691
4.16490810538287,12.8741984531789,0.063214286,0.0373546849374903
5.07301510141847,12.9786884236138,0.063214286,0.0575370298717799
3.96775504452109,12.8586175019143,0.063214286,0.0349299389448455
4.33249149519052,12.8896901053516,0.063214286,0.0398999193823195
5.02866588370474,12.9709198246656,0.063214286,0.0557697188772305
3.87247416278686,12.8482891060455,0.063214286,0.0333783652267916
4.49804777841594,12.9052474811922,0.063214286,0.0426004282037655
4.99868498892204,12.9632918553847,0.063214286,0.0540748902341157
3.71987274304869,12.8405643008489,0.063214286,0.0322703117119952
4.62363273714213,12.9208731849965,0.063214286,0.0454634283635637
4.91636307894642,12.955586266031,0.063214286,0.0524103952052228
3.5406600880992,12.8276544398992,0.063214286,0.0304883376785277
4.74823392096339,12.9324076256165,0.063214286,0.0476642316253755
4.86521633300929,12.9477270228766,0.063214286,0.0507579331623687
3.34346172156848,12.81216721302,0.063214286,0.0284442932606217
3.03875092715609,12.7810776461861,0.063214286,0.0246543800338376
4.79927065861517,12.9399996956395,0.063214286,0.0491769808600302
3.18942228618089,12.7966065186747,0.063214286,0.0264973000997545
0.0423820973498416,11.7046472173268,0.063214286,-0.00849087238672725
0.0437303456004714,11.7202716175205,0.063214286,-0.00844773876982324
0.0447407873007694,11.7358959384158,0.063214286,-0.00840366179739276
0.0451613021049783,11.7515202246024,0.063214286,-0.00835922775608362
0.0455313988692664,11.7671445082229,0.063214286,-0.00831476731591701
0.0465180527383,11.7827687730381,0.063214286,-0.00827010286422248
0.048825397424672,11.7983929120286,0.063214286,-0.00822423301519075
0.0494864314848873,11.8140168946692,0.063214286,-0.00817725811333595
0.0499917243110195,11.8296408214729,0.063214286,-0.00813016611811252
0.0504893458014857,11.8452647417705,0.063214286,-0.00808306069653427
0.0521499360840034,11.8608884959362,0.063214286,-0.00803549962758384
0.0548325852774136,11.8765117187086,0.063214286,-0.00798643311877986
0.0556099263399879,11.8921345907427,0.063214286,-0.00793623105557816
0.0562944915532054,11.9077574804758,0.063214286,-0.00788592447349861
0.0569604939036254,11.9233803733851,0.063214286,-0.00783559913445757
0.0582313547667218,11.9390030351749,0.063214286,-0.0077850756520671
0.0620976944876769,11.9546240746831,0.063214286,-0.00773292734706769
0.0638261232158039,11.9702440493692,0.063214286,-0.00767892426091593
0.0639853387828117,11.9858645452812,0.063214286,-0.00762497663232774
0.0638479394450829,12.0014853128877,0.063214286,-0.00757206355335814
0.0647890232081991,12.0171061572897,0.063214286,-0.00751970137140206
0.0680147268575394,12.0327255174988,0.063214286,-0.00746618574737434
0.0704353557372223,12.0483418303599,0.063214286,-0.00741068295467972
0.0696958841105225,12.0639562619393,0.063214286,-0.00735530474543466
0.0702858930105576,12.0795702583529,0.063214286,-0.0073012375907803
0.0717741670773163,12.0951841377144,0.063214286,-0.0072475230875232
0.133340831332745,12.110791699574,0.063214286,-0.00717171466873457
0.136381959878624,12.1263928648534,0.063214286,-0.00707353577772994
0.139162898769168,12.1419939510547,0.063214286,-0.00697508033004085
0.172983517946126,12.1575960184788,0.063214286,-0.0068689404324115
0.319194187958379,12.1732001755563,0.063214286,-0.00670068701843313
0.515694353798861,12.1888043890707,0.063214286,-0.0064172575947313
0.505182390097682,12.2044075025673,0.063214286,-0.00607610062869406
0.507133079067449,12.2200105680524,0.063214286,-0.00573796225106036
0.510482740234207,12.2356136264869,0.063214286,-0.00539924814220405
0.621614385567659,12.2512169989841,0.063214286,-0.00502407853443895
0.618482934833128,12.2668206653269,0.063214286,-0.00461407471111553
0.61961668100833,12.2824242772709,0.063214286,-0.00420615740533402
0.629159083314309,12.2980277573506,0.063214286,-0.00379961954933261
0.705655577510261,12.3136459158656,0.063214286,-0.00337043636957911
0.749865397875025,12.3292865714885,0.063214286,-0.00290285968985481
0.773974037658126,12.3449035601934,0.063214286,-0.00241576509673873
0.780045416250861,12.3604891606683,0.063214286,-0.0019245617022571
0.802237032389983,12.3760752645599,0.063214286,-0.0014303086725778
0.920601548410181,12.391661020873,0.063214286,-0.000896403789775399
0.944190306629558,12.4072440987937,0.063214286,-0.00032042086165947
0.949491427703488,12.4228253668649,0.063214286,0.000261038505841886
0.960422883112505,12.4384065369711,0.063214286,0.00084249421749666
1.12420084716247,12.4539768239682,0.063214286,0.00146890465650471
1.15220792193438,12.4695396914946,0.063214286,0.00214948602411201
1.15467104857769,12.4851795484558,0.063214286,0.00284254735500507
1.16990520272947,12.5008345311876,0.063214286,0.00353699540039238
1.35251635359893,12.5164278357419,0.063214286,0.00428031511213603
1.4179676849336,12.5320160689474,0.063214286,0.00509370860318052
1.42035439660135,12.5476024008295,0.063214286,0.00592642314394433
1.45180810231684,12.5631883066365,0.063214286,0.00676615300811592
1.6634974619941,12.5787692013653,0.063214286,0.00766895113550723
1.71757542274985,12.5943433824303,0.063214286,0.00864533792783054
1.72009062649762,12.609915434833,0.063214286,0.00963926042748221
1.82705915304397,12.6254868786473,0.063214286,0.0106609725722622
2.03764945456344,12.6410585154478,0.063214286,0.0117710437161236
2.02363661982821,12.6566996294594,0.063214286,0.0129441371718366
2.18158847780014,12.6722958963632,0.063214286,0.0141543633594009
2.28352718030571,12.6877661891331,0.063214286,0.0154294037017117
2.364571698204,12.7032084882476,0.063214286,0.0167578525011031
2.54068539971029,12.718788625961,0.063214286,0.0181763774478245
2.63025094862985,12.7344321241509,0.063214286,0.0196845196925167
2.7596006862078,12.7499874030605,0.063214286,0.0212554935863232
2.88763197498663,12.7655387124536,0.063214286,0.0229091260390584
-8.28816782187397,9.83525844920936,0.063214286,0.843844073322318
-6.83910421629997,9.82384202150807,0.063214286,0.831007776449346
-7.6891841761856,9.83345699842548,0.063214286,0.841010652268681
-6.79956246281122,9.82752630986304,0.063214286,0.834486140589813
-8.19865638815649,9.83435873759005,0.063214286,0.842401333445537
-6.71892064812303,9.82518729220592,0.063214286,0.832267370352894
-7.06592332518521,9.82286300033618,0.063214286,0.830009036726646
-7.26738032268603,9.82175402562008,0.063214286,0.828822494081607
-7.46941163235709,9.83215512719458,0.063214286,0.839434057901113
-7.08965392384201,9.82990163855838,0.063214286,0.836880504181663
-7.28901625465685,9.82119706534715,0.063214286,0.828207903398829
