"Pxn","X (m)","Y (m)","Z (m)"
3.98701636745865,6.56409710951059,0.4,0.116114191518289
4.48781650836328,6.57140838756347,0.4,0.118088618838557
4.8890942767271,6.57875409075176,0.4,0.120321896506417
5.42446574447206,6.58585433773453,0.4,0.122754913841291
6.17267883582921,6.59285258442934,0.4,0.125534259948093
6.78685668144211,6.5994866708586,0.4,0.128574371414596
8.58504840574294,6.60553358112086,0.4,0.132149153424149
11.2857944716503,6.60874653890777,0.4,0.134508900422745
12.8141313583575,6.61090480744177,0.4,0.137974967118175
13.8173791085168,6.61385282346176,0.4,0.143912422900568
13.9353111815919,6.61614654988255,0.4,0.150221398159474
14.0046954496936,6.61831825920627,0.4,0.156939367296434
14.0179725313193,6.61939106047802,0.4,0.160529214722463
14.0756074316562,6.62031182453783,0.4,0.16424268191091
14.0596468716102,6.62180056037031,0.4,0.170871551764072
14.0595641265464,6.62294620130309,0.4,0.177158302465946
14.1036092472662,6.62333692233931,0.4,0.182817933806789
12.6698526858705,6.61893984134477,0.4,0.194997255717155
12.8552034609569,6.62209639709785,0.4,0.188158389754493
13.3685089998758,6.61568142549594,0.4,0.203691572552254
12.3201458290037,6.62078862629898,0.4,0.191084767576449
13.8994178398214,6.6136449523991,0.4,0.213634039713893
14.0078818424959,6.61335936205482,0.4,0.223143791667794
13.9113349527675,6.61404984324016,0.4,0.232105166797472
13.8289716662182,6.61512431246473,0.4,0.240557677437608
13.8171965744184,6.61628326077584,0.4,0.248601803175146
13.8382014002892,6.61739397143337,0.4,0.2564221493953
13.8754948401505,6.61834395554732,0.4,0.263558730165779
13.857072743804,6.61884067362459,0.4,0.26746359906208
13.9063228029964,6.61936300755689,0.4,0.271903583815646
13.9507822617235,6.62021643050567,0.4,0.279512903092483
14.0008800573298,6.62099219179851,0.4,0.287145024011003
14.0495997816966,6.62167920298555,0.4,0.294825458001885
14.097664206942,6.62229364949174,0.4,0.302513110200961
14.1491984374396,6.62283266768183,0.4,0.310159359524873
14.1953456346507,6.62328323623703,0.4,0.317811697432579
14.2265378698048,6.62364233133584,0.4,0.325468227287449
14.3151791763938,6.62422875009411,0.4,0.356099155313805
14.3034479056527,6.6241892749512,0.4,0.348450187410555
14.2814134534808,6.62408382635653,0.4,0.34079220320638
14.2532731890588,6.62390734457372,0.4,0.333128514367466
14.3267002028927,6.62421153956678,0.4,0.363743558396781
14.3385285045292,6.62409085151791,0.4,0.371382343074232
14.3497086931817,6.62387295880233,0.4,0.379017640022375
14.3459502170326,6.62358909238025,0.4,0.386653989063786
14.3521126129244,6.62322526998797,0.4,0.394295893289724
14.3505168743596,6.62275507304291,0.4,0.401950953960037
14.347214839678,6.62221121244038,0.4,0.409613647308287
14.330714304932,6.62160107194912,0.4,0.417300594606694
14.3219603433553,6.62089903270979,0.4,0.424943212168376
14.3095520990814,6.62011496870774,0.4,0.432484020003615
14.2896901891664,6.6192473443599,0.4,0.439806269654203
14.2546470154018,6.6187171554025,0.4,0.443953772419732
14.2885236592832,6.61824990136231,0.4,0.447302223111193
14.2102677918175,6.61736348697714,0.4,0.452870706753752
13.4442574816083,6.61583997665403,0.4,0.458153594788404
9.44962433135678,6.61233491975394,0.4,0.462743143399467
5.65691158482296,6.60710750519485,0.4,0.46603356000512
4.87704088897286,6.60100856739496,0.4,0.468481094000802
4.18725622944167,6.59448813056205,0.4,0.470734716182973
2.93747250058784,6.5877349484513,0.4,0.472517953225399
2.11182546877035,6.58209933684106,0.4,0.473633559743378
1.99881574811598,6.57851322666769,0.4,0.474200721050821
1.64386888903174,6.57328233227592,0.4,0.474942948045297
1.53885168265506,6.56582758035933,0.4,0.475915565536255
1.27159630894306,6.5580735494267,0.4,0.476826765426251
1.26582525464085,6.54994946445222,0.4,0.4776957598224
0.947403812382034,6.54547766483577,0.4,0.47815391111507
1.11908203642033,6.5408072047766,0.4,0.478567708658112
0.73689976942767,6.52633496297409,0.4,0.479487202567637
0.9000272133159,6.5330803753742,0.4,0.479133027761315
0.81178644677756,6.51721777288652,0.4,0.480184228471837
12.6058049971666,6.51184412896474,0.4,0.485555454680776
12.6458386133183,6.51266172036506,0.4,0.496026463670144
12.7017667470394,6.51344433625618,0.4,0.506848173440701
12.7903767450709,6.51406175182995,0.4,0.51645326937805
12.8450813624511,6.51452736435115,0.4,0.525138158764368
12.8931181391802,6.51492767001816,0.4,0.533692532464164
12.950413854966,6.5152844054514,0.4,0.542150893418481
13.0036170576713,6.51548616493235,0.4,0.550189426010054
13.0220484880294,6.51553202501412,0.4,0.557888768401807
13.0223789701756,6.5155451201891,0.4,0.565579474808203
13.0326453884986,6.51533073376724,0.4,0.573167766362549
13.0001597754576,6.51471628987756,0.4,0.580580224855426
13.0275433455233,6.51391300506453,0.4,0.587918864172928
12.9584639256426,6.51285682585945,0.4,0.595397351697128
12.4322421534835,6.51101775993174,0.4,0.602554200990608
12.3630708716423,6.50846427659498,0.4,0.609714148873922
12.3697091027744,6.50578078473658,0.4,0.617249390452964
12.1718187005719,6.50417119883279,0.4,0.621679802343256
12.1705002992494,6.50269025014116,0.4,0.625267390393272
11.8349048655067,6.49956225174783,0.4,0.632093337877444
11.8037921130707,6.49723970096893,0.4,0.636818372157131
11.8145927367534,6.4955153899252,0.4,0.640320416506043
11.8140298686759,6.49234533964301,0.4,0.646767989542337
11.7951504528612,6.48947001099804,0.4,0.65260924716572
11.5741113337848,6.48754611299308,0.4,0.656344350261476
11.4817336296509,6.48447227596819,0.4,0.661894497383704
11.3576535910168,6.48150680688768,0.4,0.667128116977303
11.360310301932,6.47712808332367,0.4,0.674490214000294
11.1721897656891,6.46966479806166,0.4,0.686597673249925
11.0213148061958,6.46484199134493,0.4,0.694080383632529
10.8909365880424,6.45848823531437,0.4,0.703252543501431
8.77292354179832,6.34995859072726,0.4,0.824541775264311
8.74319820690103,6.34607489297702,0.4,0.827964731328983
10.9023074325188,6.45188235452794,0.4,0.712740201210355
8.98153463007034,6.3545935277558,0.4,0.820291303097342
9.05125595527652,6.36204243998114,0.4,0.813355500960533
8.69914216906828,6.34175730800332,0.4,0.8317606131839
10.3779928688886,6.43868696950323,0.4,0.729954047478644
10.5608632566778,6.44590995121289,0.4,0.720683942964517
9.36668526923639,6.37762722623369,0.4,0.798331676565195
9.20543357641737,6.36990365357869,0.4,0.805908922658559
8.55206823055328,6.33346149793989,0.4,0.838992577698334
8.68759154663734,6.33796742441129,0.4,0.835086267755473
10.3890488212703,6.43283471945954,0.4,0.737244486990096
10.2592209977414,6.42451428238129,0.4,0.747438362278067
9.53039687411172,6.38524531005246,0.4,0.790621256750714
8.49130316274825,6.32963729638502,0.4,0.842253999810555
10.0730943319074,6.41837160989429,0.4,0.754804844611024
9.65196330625796,6.39277354148155,0.4,0.782819448933903
9.87903799486019,6.41095897491589,0.4,0.763051334923403
9.79391764709065,6.39972858225293,0.4,0.775403082407175
5.60568851164126,6.28682976576736,0.4,0.873810691384588
5.74585146496819,6.28990748267715,0.4,0.872369949414158
7.05084959029934,6.29372677453653,0.4,0.870239517020455
8.47200332286809,6.3249063956277,0.4,0.846255813336333
9.88126179282376,6.40385063408979,0.4,0.770910284765637
9.04031582341228,6.27347317494969,0.4,0.880437253403373
4.96327541634033,6.2778958264221,0.4,0.877584918459788
5.90192465545911,6.27572316028892,0.4,0.878720009638205
5.09020282050249,6.28040487542196,0.4,0.876546498631038
5.13872678598644,6.2836902868278,0.4,0.875178436743817
6.72079948413589,6.29201312672352,0.4,0.871295369852561
7.28447345190158,6.29662734993656,0.4,0.868366141951692
8.37497613045404,6.32129838348757,0.4,0.849300485091923
9.40050848864188,6.27114344469518,0.4,0.883010924978031
7.82133335567258,6.30021384588775,0.4,0.865855870151248
8.26396684982094,6.31695981247873,0.4,0.852834646700765
7.96521848445008,6.30435072949435,0.4,0.862738938347481
9.59709398320693,6.26909673651526,0.4,0.885399703172656
7.90269653495468,6.3025877699476,0.4,0.864084955992379
7.97127616819018,6.30748363089771,0.4,0.860311435489665
7.97127616819018,6.31027997799229,0.4,0.858131544830021
7.97127616819018,6.31208839300416,0.4,0.856743052274451
9.91363915403413,6.26704178916978,0.4,0.888075013254392
10.0710962559025,6.26383707955979,0.4,0.892555761471626
10.1271648672273,6.26514670237583,0.4,0.890668487879751
10.0891994956315,6.26189645740353,0.4,0.895355585586632
10.0910056079751,6.25973577822749,0.4,0.898487342406012
10.0902237467274,6.25751964531942,0.4,0.901699858477821
10.0553789106157,6.25469355318335,0.4,0.905781207857083
10.0617641412952,6.2558868177762,0.4,0.904061674361015
10.0897749577225,6.25636660844945,0.4,0.903370076620875
10.0485636620476,6.25279277797682,0.4,0.908517985065332
10.0433173196857,6.25152889968436,0.4,0.910336728533971
10.0316390822591,6.25008027367554,0.4,0.912417360498399
10.0323731625147,6.24824603616322,0.4,0.915051707652811
10.004951735581,6.24687706465806,0.4,0.91701683461497
9.94674076561847,6.2448309807216,0.4,0.919916932527109
9.98558267870683,6.24353064002214,0.4,0.921744487366524
9.94061601202132,6.23885144292374,0.4,0.92830352284678
9.9351512047838,6.24008228263391,0.4,0.92657901032071
9.9351512047838,6.24176897924251,0.4,0.9242156524526
9.92669187888067,6.23499120752103,0.4,0.933713170115388
9.92204869859654,6.23222729204435,0.4,0.937586414933128
9.90063126768394,6.22939106923096,0.4,0.941572230123633
9.89892846768363,6.22553674682168,0.4,0.946989627005348
9.82412039415501,6.22272757296808,0.4,0.950890472382903
9.7729293522347,6.21855987634094,0.4,0.956590129545142
9.80232436438589,6.21590752189291,0.4,0.96020102442304
9.76130386184042,6.21256155737951,0.4,0.964741005788439
9.70396262443309,6.20939954445219,0.4,0.969027841862285
9.68451159626829,6.20658602784094,0.4,0.972798085894699
9.67622236929549,6.20247543576283,0.4,0.978306743508325
9.62568042949246,6.1995624279515,0.4,0.982208871157692
9.59685518832773,6.19543363143425,0.4,0.987701358899328
9.56499541288744,6.19268808999658,0.4,0.991337397947711
9.55649322153124,6.18600476567962,0.4,1.00006441027991
9.53705055852355,6.18925796901243,0.4,0.995817553017852
9.51686791652051,6.18308714908627,0.4,1.00387079415334
9.48251097894908,6.18005471852343,0.4,1.0078251706078
9.48251097894908,6.17835736717572,0.4,1.01002206890841
9.48251097894908,6.17370795333633,0.4,1.01605677207405
9.40478880960893,6.16926818488998,0.4,1.02180599373527
9.38946238244954,6.16218513543992,0.4,1.03090012112827
9.36201015349322,6.15524051294913,0.4,1.03981775781574
9.27833413624399,6.1488329055069,0.4,1.04794368034941
9.16936860964392,6.14102694204685,0.4,1.05772802569905
9.18515435424472,6.13514482840782,0.4,1.06499904660865
9.07160695879718,6.11710626400522,0.4,1.08707576996417
9.0645775362712,6.11389853459915,0.4,1.09097204817575
9.13158879797399,6.12749716802643,0.4,1.07441102620006
9.03993080108227,6.10956206287864,0.4,1.09622310372132
9.08433623961042,6.12083473505681,0.4,1.08254545033297
9.00033576213081,6.10666844033826,0.4,1.09971659268373
8.95141911978389,6.10307843212304,0.4,1.10396455940229
8.89504554994395,6.09963598215766,0.4,1.108029764708
4.1337929770029,6.01059196127997,0.4,1.24755605719307
8.86463411262411,6.09598523389914,0.4,1.11227331451249
5.44846973026601,6.10486736964079,0.4,1.22388253035048
4.1213000678865,6.0183530830947,0.4,1.24609739962306
8.84515285365899,6.09245032852865,0.4,1.1163806851058
5.51768922907341,6.09118973315559,0.4,1.22869062785738
5.47098764137049,6.10138243359441,0.4,1.22515733993274
5.34685821563581,6.10725824257972,0.4,1.22294316045197
4.07209110362715,6.02615930801851,0.4,1.24462321884828
8.84034083071326,6.08883792787984,0.4,1.12056296748754
8.77176165004411,6.11747107746087,0.4,1.21675554022162
6.15021448134184,6.11304592289944,0.4,1.22035641720006
5.21949508291369,6.08697588711425,0.4,1.22995650916732
5.51943439131276,6.09479531980179,0.4,1.22747666048303
5.48084714865719,6.11002503618237,0.4,1.22183890463777
5.25269999914744,6.07939600308553,0.4,1.23218604703728
4.18370276464575,6.03095719039206,0.4,1.24371263056593
8.82364285264692,6.0852823088862,0.4,1.12467945342358
7.27680275778788,6.11766820371584,0.4,1.20902509015304
9.11871697430633,6.11978502799729,0.4,1.21274736411134
10.2898124076967,6.11912863249845,0.4,1.2141889592891
9.74864504506284,6.11603586025807,0.4,1.21850353642516
5.08872891006276,6.06420312582604,0.4,1.23631869648499
5.16342377756784,6.07176171593376,0.4,1.23432270949691
4.83984413721768,6.05664956715532,0.4,1.23818264561724
4.14449200166566,6.03467833125171,0.4,1.24299698262151
4.96576579773923,6.11332929372218,0.4,1.20610775153976
8.80444512183677,6.0820959269204,0.4,1.12835238910959
4.69544905686013,6.04897553098288,0.4,1.23994319292896
9.58918937548106,6.11925827916905,0.4,1.21129921142967
7.45919895605061,6.11587707760824,0.4,1.2075393652725
4.53958583313841,6.04132852880197,0.4,1.24162501159188
8.80364004519018,6.07784342489709,0.4,1.1332544096094
4.55903548275597,6.11069898692301,0.4,1.2049738757587
4.30300613661938,6.10736333140787,0.4,1.20368962964086
8.77164821391061,6.07434538401769,0.4,1.13727869491112
3.92738595430136,6.1016996660124,0.4,1.20163577589432
8.7568228291768,6.07070629621438,0.4,1.14145305308473
8.74073251059111,6.06561838919339,0.4,1.14722948842643
3.50447773955903,6.09490851238241,0.4,1.19944157884113
8.73324777202262,6.06861259237476,0.4,1.14383779878787
8.72788867600877,6.06340336138439,0.4,1.14973691928567
3.19004261665896,6.08761040454636,0.4,1.19733931522154
8.71863689973432,6.06017800110709,0.4,1.1533630491676
2.77164249404577,6.08056754980315,0.4,1.19555322829859
8.64245546977077,6.05243344521035,0.4,1.16198105525275
8.63827604793308,6.05516863730433,0.4,1.15895797242033
2.66327273507878,6.07338460681048,0.4,1.19391842643745
8.60319114817016,6.04832530912791,0.4,1.16649758522697
2.50091571158928,6.06580869165162,0.4,1.19228991545147
8.6031088838137,6.04459531369125,0.4,1.17059145616688
2.41770926158271,6.05810462195623,0.4,1.19071793138472
8.55591900692728,6.03991776574244,0.4,1.17568092965037
2.44583937985126,6.05001251658449,0.4,1.18908532614016
8.54882645651046,6.03532397921457,0.4,1.18067375747324
2.49375025988192,6.04045592756614,0.4,1.18712435614004
8.54579390576925,6.03304927915035,0.4,1.18314232414167
2.55481633680487,6.03312927695711,0.4,1.185597165569
2.2038928476698,5.7617036498454,0.4,1.27546208683917
2.19839666673801,5.7788596406462,0.4,1.27355988100667
2.19890262673207,5.76951006674568,0.4,1.27459920068232
2.19887648571113,5.78503291587477,0.4,1.27286956000118
2.20345474445914,5.77503860758289,0.4,1.27398577110065
2.15028575496786,5.81634272764706,0.4,1.26933590465997
2.16206293845334,5.80848263709107,0.4,1.27022846513735
2.17596919195615,5.80067361604373,0.4,1.27111103064142
2.1867442852907,5.79286639478323,0.4,1.27199029738073
0.630542157821576,5.87954447475426,0.4,1.26300293598546
0.883877581246832,5.87160452345369,0.4,1.26337846083861
0.381556797675936,5.88742122071464,0.4,1.26277168117806
1.65045993217574,5.86362923184597,0.4,1.26402748166986
1.83883209994469,5.85561289378927,0.4,1.26488812463291
1.95056536061307,5.84931453257042,0.4,1.26558607970962
2.08657951630542,5.83200149957054,0.4,1.26754904704059
2.12188270080586,5.82421465480272,0.4,1.26843838182767
0.452035819524755,5.89518796954084,0.4,1.26259990110461
1.97535144057261,5.8454373649899,0.4,1.2660243291243
2.02250768858568,5.83985591812988,0.4,1.26665592177618
2.21687071281708,5.91051546254822,0.4,1.26181773058437
1.10200854702759,5.90286777158836,0.4,1.2623358957295
3.15656277617324,5.94229493288907,0.4,1.25808156257642
3.17861011062657,5.94884072667828,0.4,1.25718587257751
3.13291837086582,5.95658942581643,0.4,1.25612240309286
2.21590342128671,5.91818910743379,0.4,1.26110659350894
3.16673675896493,5.92586342774568,0.4,1.26024839781866
3.31974316870143,5.96430663296183,0.4,1.255038707296
3.12616656121128,5.93344789245925,0.4,1.25926470157068
3.17333852755303,5.93842376411747,0.4,1.25860568886738
3.75274126330261,6.00285610206503,0.4,1.24892838177482
3.70205182098613,5.99616496630771,0.4,1.25004707667976
3.47483894041601,5.97208273397942,0.4,1.25388166964814
3.70400565034103,5.99235330771738,0.4,1.25067918534871
3.45640958953127,5.9798273939404,0.4,1.25268959921348
3.6377172831097,5.98749920913214,0.4,1.25147197394698
2.20379954166469,5.75389222698282,0.4,1.27632184717353
-8.2573029024184,4.23912034925049,0.4,1.29334865523419
-7.92203886011868,4.24953888273218,0.4,1.29540636743918
2.20998782054483,5.74603409982153,0.4,1.27718359570099
-7.91974053760261,4.25713362183562,0.4,1.29685948431968
2.20913858172328,5.73822867588855,0.4,1.27803594492329
-7.33368431010502,4.26977017168223,0.4,1.29916232669381
2.20559565876001,5.7304233649338,0.4,1.27888334361023
2.2093293316015,5.72261830547794,0.4,1.27972731936687
2.20736959822604,5.71478548841545,0.4,1.28057062191037
-7.26376142757929,4.28519898141392,0.4,1.30188839460214
2.20007608316689,5.70858867464467,0.4,1.28123404963381
-6.56546645750541,4.30086510906354,0.4,1.3045169942389
2.19655602667607,5.70475726550152,0.4,1.28164204926953
2.19656265085601,5.69924339880949,0.4,1.28222710979016
-6.2904368851964,4.31637268577665,0.4,1.30695346872942
2.19323995023122,5.69143472764621,0.4,1.2830529860789
2.19653554961997,5.68367164357575,0.4,1.28387135998545
-6.20749616395674,4.33204322268124,0.4,1.30938364833915
-5.84728086749809,4.34238404174345,0.4,1.31095269211397
2.19304384068369,5.67582951029832,0.4,1.28469488581307
2.18436489091219,5.66798828844566,0.4,1.28551297207115
2.18731535643049,5.66018362696413,0.4,1.28632342462191
2.17440427752301,5.652379101474,0.4,1.28712916485188
-5.74723500145432,4.35007144697125,0.4,1.31203607252526
2.1725589293486,5.64457460490501,0.4,1.28792982615616
2.17152834676782,5.63674985850698,0.4,1.28872902452325
-5.15891249349425,4.3629657510289,0.4,1.31374033849626
2.15719394529406,5.63059755001238,0.4,1.28935372126874
-5.03647390762511,4.37837439243178,0.4,1.31569328649288
2.15942158079491,5.62679148408176,0.4,1.28973813605334
2.15877132252496,5.62124569384026,0.4,1.29029736578597
-4.86345550010999,4.39394050971558,0.4,1.31762297836226
2.15372911815419,5.61341243229457,0.4,1.29108410366028
2.13910739489082,5.60563938185934,0.4,1.29185861147502
-4.29374414006178,4.40949652471127,0.4,1.31939300791981
2.14282936879405,5.58994688066381,0.4,1.29341204735839
2.1418498662441,5.59778932784095,0.4,1.29263668232846
-4.06668079085743,4.42503027776335,0.4,1.32102576043161
2.13472155712133,5.58214311546966,0.4,1.29417942772247
-4.00407345439888,4.44056511614311,0.4,1.32263768337027
2.13955997825011,5.57433919924593,0.4,1.29494345476784
-3.67687322664141,4.45610037250806,0.4,1.32416465360564
-3.3623755819545,4.47172701801162,0.4,1.32557349917371
2.12990730427679,5.56653573978229,0.4,1.29570369533337
2.11195189993512,5.55871207316956,0.4,1.29645805221081
-3.18142789245472,4.48196060305859,0.4,1.32645677342737
2.11473362583204,5.55254800940361,0.4,1.2970487095211
-3.34040168901006,4.48972487975912,0.4,1.32712491821445
2.08546253048172,5.54873285621424,0.4,1.29741202291324
2.07984067478445,5.54319173436615,0.4,1.2979333463823
-2.83903334549752,4.5028324895815,0.4,1.32816788671111
2.07253052347417,5.53535533118727,0.4,1.29866749204695
2.04235879920745,5.52758181747878,0.4,1.29938771313202
-2.69348625916654,4.51828301654741,0.4,1.32929382191202
2.08266810434711,5.519747122444,0.4,1.30011357630608
2.03984536004642,5.51191644197836,0.4,1.30083595166644
2.03508672152272,5.4963128155036,0.4,1.30226058833729
-2.54915110549233,4.53377941876129,0.4,1.3303764350148
2.06183619423712,5.50411454014416,0.4,1.30154960834264
2.04768092737756,5.4885112749299,0.4,1.30296706374599
2.0085628079732,5.48071010137561,0.4,1.30366643513213
-2.16048183232772,4.54545007747885,0.4,1.33113133418906
-2.13300106828716,4.55324626957053,0.4,1.33158127422808
2.01425914814233,5.47289080697279,0.4,1.30435883561431
2.02039739853212,5.46663701792483,0.4,1.30491213100151
-2.11586016535353,4.56102539383959,0.4,1.33203015803732
-2.09589291002051,4.56880446950841,0.4,1.33247827131951
2.02459277538242,5.4627220225027,0.4,1.30525843599575
-1.9807621143548,4.57658264753495,0.4,1.3329126778522
-1.71067176103696,4.58436032223932,0.4,1.3333067606944
1.98284352742302,5.45727046414247,0.4,1.30573312702402
1.956438970236,5.44952486992483,0.4,1.30639888524644
-1.65879328310536,4.59213847385148,0.4,1.33366894841819
-1.64147112754633,4.59991675662438,0.4,1.33402663043215
1.9110935126691,5.44174641046339,0.4,1.30705435224875
1.91038592219899,5.43391825561709,0.4,1.30770532446102
-1.63690721264105,4.60769503939728,0.4,1.3343843124461
-1.60069271202683,4.61547381551515,0.4,1.33473801184182
1.92661439398455,5.42609296708956,0.4,1.30835892023257
1.97879556576236,5.41829055321219,0.4,1.30902158823274
-1.40694849336107,4.62325419181213,0.4,1.33506655144826
-1.28852140930086,4.6310464472728,0.4,1.33536327019761
-1.28394149789925,4.64482425677986,0.4,1.33586690296593
1.95035378575783,5.41048892138626,0.4,1.30968401150885
-1.27074823917658,4.6388359168262,0.4,1.33564781723794
-1.22852637577577,4.64872739875478,0.4,1.33600809911335
1.88709699997208,5.40268750459519,0.4,1.31032493010838
-0.927749610970599,4.66218342091585,0.4,1.33644584417171
-1.21835675707875,4.65441258789106,0.4,1.3362068993101
-0.8957548315581,4.66996264129124,0.4,1.33665040181381
-0.88518225414663,4.67774389880327,0.4,1.33685160520881
1.86099787136334,5.39488615635172,0.4,1.31094812071591
-0.854987538435309,4.68552422606279,0.4,1.33704941323626
-0.706786678381847,4.69330400174532,0.4,1.33722712651518
1.87291016042502,5.38708440104541,0.4,1.31156956454746
1.88060907460626,5.37926537364975,0.4,1.31219537475759
-0.705540096905173,4.70108428632612,0.4,1.33738965252532
-0.698319541501081,4.70886484215134,0.4,1.33755348671382
1.87753020803469,5.37302978357106,0.4,1.31269331227728
-0.649600004699218,4.71664726115771,0.4,1.33771059005122
-0.380773606747942,4.7244331983614,0.4,1.33783003391069
1.88239855032549,5.36911378303177,0.4,1.31300468674488
-0.369047497028771,4.73222038050874,0.4,1.33791700666213
-0.365676132747468,4.74000738005235,0.4,1.33800302732562
1.87653336050853,5.36363890690342,0.4,1.31343801044978
1.83398187243405,5.35588432916117,0.4,1.31404322487674
-0.364421259750804,4.74779435161917,0.4,1.33808905661503
-0.276889089944985,4.75558448039396,0.4,1.3381649058434
1.82454134997624,5.34812762654129,0.4,1.31463906829761
1.83146969736698,5.34033775390399,0.4,1.31523526981662
-0.188876494181644,4.76337470310381,0.4,1.33822149819297
-0.0960914054412375,4.77116398827364,0.4,1.3382568117795
1.83092512119573,5.33249801038258,0.4,1.31583352605103
1.78808821425601,5.32466891200257,0.4,1.31642201546919
-0.0947824607542902,4.7789543475367,0.4,1.33827982998342
-0.0943335425227415,4.78674363879858,0.4,1.33830275961984
1.74637150044372,5.31686775178805,0.4,1.31699362856962
1.74983219850806,5.30906664947658,0.4,1.31755776068476
-0.0493980901261649,4.79453550522435,0.4,1.33831982353929
0.0335611779786915,4.80232958567126,0.4,1.33832144746527
1.77298199498954,5.30126588384926,0.4,1.31812451289624
1.7501002323855,5.29346585599508,0.4,1.31868879915861
1.72741126073788,5.28566645434975,0.4,1.3192432370514
1.72517147358289,5.27784834888958,0.4,1.31979266583545
0.0774751737512218,4.81012263717249,0.4,1.33830803466485
0.0844104153364706,4.81791454894804,0.4,1.33828815750652
1.71287041344184,5.27166865828755,0.4,1.32022418251853
0.0939917816454968,4.82570789996429,0.4,1.33826600148543
0.238774336005148,4.83350120437343,0.4,1.33822383769325
1.72204894869999,5.26774879716486,0.4,1.320496528685
1.69284546524886,5.2622084639563,0.4,1.32087743674566
0.31123259860435,4.84129323076781,0.4,1.33815490497743
0.370575270793119,4.84908455338856,0.4,1.33806979348044
1.66954552918691,5.25444522883434,0.4,1.32140361503
1.66537121349738,5.24668157007882,0.4,1.32192300377559
0.368896834873365,4.85687463011876,0.4,1.3379764483143
0.403164233885411,4.86466567788518,0.4,1.33787844579139
1.63765448262905,5.23891577842014,0.4,1.32243508457178
1.61279098976268,5.23112266181443,0.4,1.32293925721801
0.454458620158768,4.87245660957736,0.4,1.33776941248618
0.47179275240688,4.88024631338401,0.4,1.33765109010768
1.61437697585684,5.2232926473103,0.4,1.32344035880715
1.61072685089647,5.21547215876209,0.4,1.32393805215862
0.539598338457437,4.89582481314075,0.4,1.33739674636219
0.479891270913024,4.88803561456258,0.4,1.33752853425603
1.64911343992231,5.19987424291435,0.4,1.32489496181908
1.48721101798859,5.20767285364072,0.4,1.32441302977614
0.617655195181148,4.90361342057199,0.4,1.33724735221734
1.55293476708948,5.19207633459511,0.4,1.3253852500164
0.644022038748339,4.91140130923136,0.4,1.33708376589854
1.55838811104032,5.18427885556654,0.4,1.32585692287533
0.650725876130163,4.91918922162867,0.4,1.33691421437905
1.46210367505047,5.17648073126756,0.4,1.32631309300219
0.682108936089799,4.92697845091853,0.4,1.33673879185374
1.51255831155484,5.16868106235773,0.4,1.32676305989216
0.718738468284655,4.93476761635502,0.4,1.33655399136077
1.45308593402422,5.16088043916506,0.4,1.32721041321579
0.723784496234342,4.94255621330361,0.4,1.3363628603289
1.46192479883827,5.15306463117672,0.4,1.32764698590726
0.763304419293053,4.95034041487391,0.4,1.33616411244287
0.786012851872087,4.95594761807995,0.4,1.33601522047594
1.40893797576814,5.14685256767024,0.4,1.3279887345445
1.46252387449685,5.1429360137714,0.4,1.32820173098114
0.848791411142458,4.95985627203858,0.4,1.33590475264446
1.3583468207456,5.13742742821568,0.4,1.32849221449843
0.869353008571473,4.96594318045423,0.4,1.33572448362008
1.35577375314013,5.12965043166332,0.4,1.32889294644771
0.889062412145327,4.97373515056949,0.4,1.33548840494394
1.36615586357268,5.12187355598711,0.4,1.3292941672233
0.88848407219446,4.98153980331211,0.4,1.33524772495
1.40052706481247,5.11409677673609,0.4,1.32970003587465
0.903201666985689,4.98934615528722,0.4,1.33500404741667
1.33945092526582,5.10631923349975,0.4,1.33009967711425
1.02940827031727,4.99714230583453,0.4,1.33473999466799
1.32631098094867,5.09852451440019,0.4,1.33048667649991
1.03527099938779,5.00493916823238,0.4,1.33445558071548
1.30243279480666,5.09072405783743,0.4,1.33086575250992
1.02867475891489,5.01273616003262,0.4,1.33416913958057
1.23824017008622,5.08291545355788,0.4,1.33123112601895
1.06072442668765,5.02053308343384,0.4,1.33387920960984
1.25153609948667,5.0751030847729,0.4,1.33158901360301
1.12551483052363,5.02832915875632,0.4,1.33357586922306
1.24185298054629,5.06730562054074,0.4,1.33194587419966
1.12637527928832,5.03612413417866,0.4,1.33326129139362
1.18179636718795,5.05950840382121,0.4,1.3322911129898
1.09295452341573,5.04391862855928,0.4,1.33294923541491
1.17783715151409,5.05171284716268,0.4,1.33262703461116
-0.881626110916022,3.41246864700545,0.4,0.000777623416789422
-0.87935729254934,3.42026098489131,0.4,0.000410263114155174
-0.882018107459317,3.42805355010105,0.4,4.42491834783814e-05
-0.883569435245446,3.43584636744624,0.4,-0.00032105209466167
-0.88121149333244,3.4436391117675,0.4,-0.000684367309954816
-0.886211407489036,3.45143169463713,0.4,-0.0010462315220555
-0.892642072314182,3.45925861776898,0.4,-0.00140968963334798
-0.884224058536004,3.46709374785655,0.4,-0.00177037165386751
-0.88826682849893,3.4749026759851,0.4,-0.00212611872251177
-0.896451943307036,3.48271152168516,0.4,-0.00248130018954647
-0.903895046225716,3.49052034890775,0.4,-0.00283595080148471
-0.90184605523849,3.49832915500454,0.4,-0.00318754384016121
-0.913353397940748,3.50613795422812,0.4,-0.00353661453792408
-0.92654806228141,3.51394675268971,0.4,-0.00388566376148529
-0.930871366677814,3.52175547029628,0.4,-0.00423270244175952
-0.937117057759781,3.52956409250463,0.4,-0.00457625948162376
-0.952142083670901,3.53737270363145,0.4,-0.00491831957445681
-0.959264053019973,3.54518088809676,0.4,-0.00525881879871056
-0.972188671328998,3.55298851833481,0.4,-0.00559727104874005
-0.98489657705645,3.56079594236377,0.4,-0.00593491505836438
-0.983755668770856,3.56863268097264,0.4,-0.00627058796233809
-0.991311279878328,3.5764593191376,0.4,-0.00660205657500184
-1.00351499166827,3.58424646637333,0.4,-0.006930918743844
-1.00956171651138,3.59203268360732,0.4,-0.00725870960022632
-1.0029240932776,3.59981306112715,0.4,-0.0075820785689453
-1.01008364707716,3.60758720547867,0.4,-0.00790147780350022
-1.02417642353729,3.61536002940716,0.4,-0.00822030924578146
-1.04421137159279,3.62313286260068,0.4,-0.0085391410842589
-0.941964148259027,3.63091020450792,0.4,-0.00884054693588751
-0.667867140869434,3.63868283171092,0.4,-0.00908090531771132
-0.662499413053325,3.64645738327225,0.4,-0.00927792761872697
-0.6619230773426,3.6542420642416,0.4,-0.00947521278236091
-0.544498706109581,3.66202003075982,0.4,-0.00965395263054274
-0.16207120619562,3.67368974922466,0.4,-0.00978281501838226
-0.14017595855497,3.68925883954299,0.4,-0.00987545943154941
-0.0675721255722715,3.70483942932324,0.4,-0.00994094543459734
-0.0658140215024654,3.72042959824345,0.4,-0.00998413652219628
-0.0463896933208438,3.73602114981123,0.4,-0.010022036116353
-0.00758547147842328,3.75162256880692,0.4,-0.0100409422407011
-0.00723044880221314,3.76723251505318,0.4,-0.0100461195037921
-0.00708053222558185,3.7828425037638,0.4,-0.0100512698287515
-0.00598017362143748,3.79845606809852,0.4,-0.0100559559709753
-0.00533844803456434,3.81407565370238,0.4,-0.0100600806178631
-0.00525251167117203,3.82969768495198,0.4,-0.0100641079520305
-0.00517326865894233,3.84531971620146,0.4,-0.0100681352863078
-0.00486484126297386,3.86094250278508,0.4,-0.01007199700245
-0.00461701399387874,3.87656644290795,0.4,-0.0100756930981902
-0.0045584770566801,3.89219078123588,0.4,-0.0100793891918034
-0.00450409631272422,3.90781511956378,0.4,-0.0100830852855873
-0.00290913809633332,3.92343950021287,0.4,-0.010085944677342
-0.000131058255025599,3.93906400853047,0.4,-0.01008698811777
-2.99422377515593e-05,3.95468860593683,0.4,-0.0100870330998399
-2.96386869219321e-05,3.97031320708463,0.4,-0.0100870588727849
-0.00014851954525087,3.98593780406693,0.4,-0.0100870967880782
-0.000355891012083456,4.00156239567109,0.4,-0.010087221444998
-0.000272054525912957,4.01718699142027,0.4,-0.0100874431691746
-0.000269867979319797,4.03281159252712,0.4,-0.0100876873616372
0.000345229317937633,4.04843619097489,0.4,-0.0100875103835031
0.00369677503993574,4.06406079494146,0.4,-0.0100854164227018
0.00416845871820499,4.07968541821966,0.4,-0.0100817298469492
0.00413868728255741,4.0953100526316,0.4,-0.0100779464680063
0.00408170368306849,4.11093468149688,0.4,-0.0100741598312541
0.0025429716724006,4.12655930123257,0.4,-0.0100709080654919
0.00226361006674815,4.14218392549806,0.4,-0.0100684987085199
0.00225159395881631,4.15780855787629,0.4,-0.0100663936318547
0.00301305639158986,4.17343318544168,0.4,-0.0100637066085811
0.00708544264426491,4.18905780783001,0.4,-0.0100585640941373
0.00761604985121016,4.20468243803249,0.4,-0.0100514335909203
0.00757657288424076,4.22030707641334,0.4,-0.0100441886431698
0.00747984955347866,4.23593170732498,0.4,-0.0100369457715574
0.00534337080826472,4.25155632540736,0.4,-0.0100305249339405
0.00478703939500668,4.26718094532545,0.4,-0.0100254049295025
0.00477036581029116,4.28280557243926,0.4,-0.0100207658002579
0.00593941980141222,4.29843019390046,0.4,-0.0100152312351659
0.010523342035114,4.31405481207062,0.4,-0.0100067293413728
0.0109870513196933,4.32967944035931,0.4,-0.00999604224146871
0.0109448123525171,4.34530407640497,0.4,-0.00998524182841624
0.0106832888087135,4.36092870516707,0.4,-0.00997447159709127
0.00803729027144376,4.37655332290989,0.4,-0.00996486724725467
0.00734702930363908,4.39217794253573,0.4,-0.00995697398346185
0.00733105561076258,4.40780256778027,0.4,-0.0099496561058737
0.00863963324333712,4.42342718649212,0.4,-0.00994131495266571
0.013757014738346,4.43905179745729,0.4,-0.00992958358397195
0.0142736030864398,4.45467641340745,0.4,-0.00991535621619895
0.0142325128396136,4.47030103555653,0.4,-0.00990099978918023
0.013705756969593,4.48592564871613,0.4,-0.00988672841798873
0.010671915565738,4.50155025519051,0.4,-0.00987401149355962
0.0100419262147489,4.5171748710452,0.4,-0.00986328818477728
0.0100301808322867,4.53279949397582,0.4,-0.00985308909972388
0.0114366205982548,4.5484241120947,0.4,-0.00984179803657072
0.0168542631007394,4.5640487252208,0.4,-0.00982678826188079
0.0175928525766236,4.57967334167239,0.4,-0.00980898892512371
0.0175567900526948,4.59529796163074,0.4,-0.00979102676113566
0.0474845327396509,5.37652502030856,0.4,-0.0085027760946947
0.0172953621881894,4.61092257972158,0.4,-0.00977309476796738
0.0501566746418667,5.36090121562578,0.4,-0.00854344064193884
0.0141488587335519,4.62654720220639,0.4,-0.0097565209234793
0.0412137210679963,5.34527726942296,0.4,-0.00858120097254047
0.0130990443973031,4.64217183913411,0.4,-0.00974216413222806
0.0407333209525419,5.32965312844152,0.4,-0.00861556695381636
0.0130943537048805,4.6577964842428,0.4,-0.00972869641354474
0.0407147173299346,5.31402896124304,0.4,-0.00865021529994394
0.0132675602635196,4.67342112849804,0.4,-0.00971508411916448
0.0361197164881258,5.29840466783747,0.4,-0.00868466217307659
0.0187874678598889,4.68904576023742,0.4,-0.00969801241596753
0.0381792502665179,5.28278021845652,0.4,-0.00871884449197422
0.0207247371604714,4.70467039008885,0.4,-0.00967715027165333
0.0376976676756424,5.26715572550733,0.4,-0.00875321244954335
0.0206993936601742,4.72029502971499,0.4,-0.0096558125207343
0.0368498614178264,5.25153123333714,0.4,-0.0087875081963951
0.0206797749304033,4.73591966934088,0.4,-0.00963447476758136
0.0384329250220762,5.23590668710293,0.4,-0.00882253993151184
0.0170620806314484,4.75154429649088,0.4,-0.00961437830623092
0.0388806424347883,5.22028208355965,0.4,-0.00885853373753589
0.0155001463323847,4.76716889755414,0.4,-0.0095969605363417
0.0385526811886347,5.20465747755838,0.4,-0.00889468155226913
0.015512151612785,4.78279348500716,0.4,-0.0095809801675956
0.0370767781003863,5.18903288583272,0.4,-0.00893062175566743
0.0158285262009596,4.7984180718784,0.4,-0.00956475071460598
0.0259401078590199,5.1734084120598,0.4,-0.00896143041802201
0.0227932335815232,4.81404266351987,0.4,-0.00954413504419954
0.0257593081373437,5.1577841001587,0.4,-0.00898714788121902
0.0232097320830698,4.82966727265945,0.4,-0.00951980703534653
0.0268774149434865,5.14215986961579,0.4,-0.00901294845848227
0.0232116646180374,4.84529189394465,0.4,-0.00949590381718475
0.0268027096379923,5.12653565544847,0.4,-0.00903908801237644
0.0232245249189553,4.86091651523043,0.4,-0.0094720005961546
0.0315717841666947,5.11091124846134,0.4,-0.00906774189899573
0.0224787919864188,4.87654109216433,0.4,-0.00944803246178513
0.0315536354368734,5.09528665339385,0.4,-0.0090988483169185
0.0217340738995259,4.89216567443332,0.4,-0.00942478340474291
0.0314151974137327,5.0796620562722,0.4,-0.00912998152070439
0.0217687132425541,4.90779030638821,0.4,-0.00940231830351293
0.0304018350483846,5.0640374518411,0.4,-0.00916118696274535
0.0218066889319412,4.92341493834038,0.4,-0.00937985313544281
0.0246120799517869,5.04841278514555,0.4,-0.00918979382487263
0.0218496919367769,4.9390395702898,0.4,-0.0093573879005329
0.0233419141880573,5.03278802916381,0.4,-0.00921451640192362
0.0224241412249878,4.95466419866397,0.4,-0.00933431566318601
0.0232483822248669,5.01716323885111,0.4,-0.00923802548955538
0.0230998267647727,4.98591365822693,0.4,-0.00928504352974862
0.0241406312680223,4.9702888870676,0.4,-0.0093096370386446
0.0231678425567078,5.00153844853882,0.4,-0.00926153453216372
2.39986894498161,5.99449493019111,0.4,0.0110808057937342
2.62538765121116,5.99836574624992,0.4,0.0114106868064506
2.17557360316451,5.95936741617646,0.4,0.00835253443709093
2.69303780975836,6.00222728654342,0.4,0.0117616466976734
2.43716795949911,6.00608860628975,0.4,0.0121078799694534
2.25826575020308,5.99058646350258,0.4,0.0107663993794453
2.51585749487925,6.01391199275346,0.4,0.0127890952420951
2.48144524840566,6.00999327322536,0.4,0.0124453287201811
2.0347629070148,5.96332222750712,0.4,0.0086387663598971
2.63524455414404,6.01780233741377,0.4,0.0131362408491724
2.69969004179602,6.02169140533588,0.4,0.0134966549302362
2.33068559480268,5.98667065246729,0.4,0.0104542620351729
2.32834983033149,5.97298958114789,0.4,0.00937750005938506
2.18657113436652,5.96713660618104,0.4,0.00891546286157447
2.71151751896191,6.02557850890654,0.4,0.0138661371870106
2.67853043512298,6.02946454198787,0.4,0.0142360765864325
2.22152496454617,5.9808398746536,0.4,0.00999667458243122
2.59711942973332,6.03337603060615,0.4,0.0146014855799224
2.70766171316318,6.03727549312496,0.4,0.0149677960697248
2.83158246710564,6.04112984553395,0.4,0.0153430467121955
2.87107755959733,6.04497328194956,0.4,0.0157265393887823
2.82284335972498,6.04887818992716,0.4,0.0161208716744564
2.87699609186331,6.05281960154911,0.4,0.0165221792892022
4.28957529937681,6.18518823005393,0.4,0.0339620082424776
4.27878809206521,6.18647950099606,0.4,0.0341753112956621
4.20801373457214,6.177296293141,0.4,0.0326745894885291
4.22386507151726,6.17859033914092,0.4,0.0328839663933767
4.39290953208879,6.19235380490873,0.4,0.0351643392689036
4.31996417470561,6.18844287751948,0.4,0.0345013636523524
4.396571298957,6.19041910019785,0.4,0.0348345921440318
4.36841274031392,6.19451194496081,0.4,0.0355318820456977
1.65631071048876,6.42746907679963,0.4,0.0949535140923198
1.66853422393324,6.4294362365899,0.4,0.0951716241395549
1.63669173717287,6.42557200221606,0.4,0.094742851721971
1.71367939342143,6.43126163435164,0.4,0.0953750938721134
1.7514422814001,6.43305558883978,0.4,0.0955783443655726
2.90441718954283,6.05673512882602,0.4,0.0169253589294266
4.44673811517449,6.2027136754308,0.4,0.0369557278392328
4.13544066573947,6.17127512849824,0.4,0.0317128301165704
4.01802680445247,6.16281542004641,0.4,0.0303953455403898
3.99254586748846,6.16118501556234,0.4,0.0301488969960833
4.26168145012718,6.18247770506452,0.4,0.0335152881260077
4.28963416962058,6.1841664561428,0.4,0.0337930738193695
4.21006652530741,6.1805071322843,0.4,0.0331942929113379
4.16647350721709,6.17462455121363,0.4,0.0322457251166828
4.17803807670557,6.17263899504401,0.4,0.0319294647516697
4.2159825525389,6.1762887925066,0.4,0.0325120997500385
4.38570080037396,6.19353819044892,0.4,0.035366285449171
4.46849418987978,6.19819505087866,0.4,0.0361672169682275
4.45167988526816,6.20171276193783,0.4,0.0367810835006894
4.45955732923054,6.20017423384388,0.4,0.036512584003254
4.42641789742272,6.19622725304462,0.4,0.0358257892293392
1.6254203959239,6.4236982737497,0.4,0.0945340809357449
-0.0701572870521327,6.41351550026402,0.4,0.0942498446201262
15.6071172101975,6.41209821387608,0.4,0.0929402123655462
0.101372575156023,6.41660068413863,0.4,0.09425483729182
0.391091788315531,6.41936147895997,0.4,0.0943028751108175
0.562321017040224,6.42163665438454,0.4,0.0943828442057882
1.73450247657602,6.43586377746388,0.4,0.0958951858650052
2.95613060315053,6.06064794784336,0.4,0.0173327008127189
4.54278495047504,6.20416504255627,0.4,0.0372132149124998
3.48565502922957,6.11281949632862,0.4,0.0234056240612731
3.9388903479804,6.1517354532182,0.4,0.0287412268049117
3.93427014671827,6.15503409087867,0.4,0.0292271959392825
3.93420214218512,6.15306373120849,0.4,0.0289368026359136
3.8527913906804,6.14722154388208,0.4,0.0280837050941869
4.11342707382975,6.16674081709645,0.4,0.0310028691154646
4.11626716969004,6.16476900299041,0.4,0.0306956421028493
4.15194093908616,6.17027775342998,0.4,0.0315555037268713
4.10595324414978,6.16868264915291,0.4,0.0313055722396813
4.00065777977321,6.15893972187814,0.4,0.0298108770992689
3.99152070646854,6.15700978654019,0.4,0.0295209324998535
3.9953919725211,6.16020966697799,0.4,0.0300020605747669
1.85727477671583,6.43962395117265,0.4,0.0963246086054559
5.27114868886299,6.41077050483306,0.4,0.0911166031699216
5.14725531503382,6.40929285594308,0.4,0.090582360572828
5.28663403377304,6.40415589826598,0.4,0.0887458462363473
4.9216748169744,6.4118514173977,0.4,0.0915078269724767
3.00130430172668,6.06803724929223,0.4,0.018122034034228
3.00811867164666,6.06453120390192,0.4,0.0177451644574162
4.54432862573855,6.20693690009859,0.4,0.0377096557113093
4.54980778449731,6.20590370112228,0.4,0.0375243313555475
3.45773499581464,6.10838944864675,0.4,0.022843807812538
3.46166718008241,6.1102968543782,0.4,0.0230842087496046
3.52414951266851,6.11182862870947,0.4,0.0232788569181532
3.51726815773755,6.1142175144401,0.4,0.0235845891903392
3.52245805381277,6.11619353800999,0.4,0.0238384527389783
3.67333218662489,6.13167629703201,0.4,0.0258964647827271
3.66867425266972,6.12656548742257,0.4,0.0252074785165172
3.9057845612877,6.14916803932446,0.4,0.0283649212980504
3.94191780480054,6.15074626585015,0.4,0.028595620937423
3.85409657731995,6.14525661047888,0.4,0.0278019914339933
3.78867647273329,6.14009845339392,0.4,0.0270654996657937
1.90434986273928,6.44328298268856,0.4,0.096753448699088
2.37743372603023,6.49359288506565,0.4,0.103287692996972
2.37768985240741,6.49749845086425,0.4,0.10384284041037
3.62910654509874,6.55673081803202,0.4,0.114357316761601
5.24404884521131,6.40779601485732,0.4,0.0900431168706733
5.22035841292266,6.40630881981233,0.4,0.0895110415570843
5.26285339095523,6.40536838469553,0.4,0.0891764393607049
5.32703013081155,6.40207948430737,0.4,0.0880111771576836
5.35134407188443,6.39987372496384,0.4,0.0872364014028499
3.01977414675131,6.06998553350781,0.4,0.0183316440162016
4.53533540654192,6.20819763680739,0.4,0.0379357932983142
4.59026212306069,6.21014721961755,0.4,0.0382880787185173
4.60770312018169,6.21593308848212,0.4,0.0393471295347856
4.65843536311217,6.21780700626012,0.4,0.0396941367560785
4.64497965176413,6.21964699851594,0.4,0.0400370879251245
3.46127247633162,6.10647714638605,0.4,0.0226030741014847
3.59693959580555,6.11813820841958,0.4,0.0240910871539166
3.59772849630366,6.12004932907513,0.4,0.0243422519885766
3.60810297577221,6.12195949840441,0.4,0.0245938650453047
3.62412417938843,6.12387003327349,0.4,0.0248466606335483
3.7857727796181,6.13750509406403,0.4,0.0267027723157705
3.78085751482289,6.13910991155265,0.4,0.0269271620367945
3.74215287631833,6.13364097678967,0.4,0.0261644388406135
3.79170200464577,6.13557673885922,0.4,0.0264331447166744
3.66415741924702,6.12971985898709,0.4,0.0256326256334904
3.67063306244667,6.12778845900224,0.4,0.0253723302115021
3.66657997513289,6.12556766664728,0.4,0.0250732723229662
3.86133586243851,6.14331985462119,0.4,0.0275243944369824
3.8407242511948,6.14140603651389,0.4,0.0272509376298754
1.91316749521976,6.44700038565443,0.4,0.0971964608256931
2.16167033324918,6.47034346058778,0.4,0.100115862948203
2.10625343488542,6.46256389878607,0.4,0.0991126810666257
2.14210731705279,6.46645322262252,0.4,0.0996111720460275
2.29245723545877,6.48581663859297,0.4,0.102195302796454
2.36633769544561,6.48971161415287,0.4,0.102737719477288
2.22387695493045,6.47424990280954,0.4,0.100631135058809
2.29594929943499,6.48193928400016,0.4,0.101667196670654
2.2673992038017,6.47987626405585,0.4,0.101388403217683
2.49313681503584,6.50139995385284,0.4,0.10441248154298
3.43857082978261,6.54917805154274,0.4,0.112700162327146
5.36914919352211,6.39768902220882,0.4,0.0864748323175059
3.09767113937375,6.07229533825237,0.4,0.0185876190404057
3.1541205286838,6.08005770878549,0.4,0.0194603232246469
4.58886156654509,6.21402399696521,0.4,0.0389968799523651
4.60920655426719,6.21211255934293,0.4,0.0386469057668251
4.61920163009987,6.22148836929747,0.4,0.0403798297878515
3.31299022343496,6.09576457692368,0.4,0.0212903921742785
3.40262527990791,6.10357885695584,0.4,0.0222426275652703
1.93363978406191,6.45090633275088,0.4,0.0976654701326919
2.03145379854882,6.45478599719896,0.4,0.0981394455257616
2.04870284461778,6.45867682647419,0.4,0.0986229109822588
2.26528989136688,6.47797181983191,0.4,0.10113060013611
2.46298113698731,6.5052271282737,0.4,0.104981211992717
3.26155394790728,6.54149035230498,0.4,0.111120041412443
5.35886822328309,6.39651047329758,0.4,0.0860656840044465
5.39384139928562,6.39536831827071,0.4,0.0856718506534796
5.41136498080571,6.39420536358321,0.4,0.0852708452463078
4.72798946263399,6.22333188575836,0.4,0.0407274870966874
3.17056842414623,6.0839952857656,0.4,0.019908645721484
3.26338113171498,6.09160839114169,0.4,0.020796312604466
3.2606573834752,6.09360667043399,0.4,0.0210319271696654
3.12924382498047,6.07615892625822,0.4,0.0190198098391547
3.35733737460283,6.0996581472142,0.4,0.0217613830178252
2.67694188628674,6.51871593297043,0.4,0.107053606445774
2.54173227120253,6.51096471058315,0.4,0.105843202895787
2.8919420778871,6.52639152644747,0.4,0.108338000941593
2.99073745609489,6.5338668128656,0.4,0.1096679484777
5.41026286793051,6.39322844246405,0.4,0.0849360180899611
5.41728685074682,6.39011449501575,0.4,0.0838726102135797
5.41970587504276,6.39136221537234,0.4,0.0842979938320295
4.79526686221112,6.22518087734872,0.4,0.0410841266682241
3.25829661689945,6.08790596493031,0.4,0.0203610728732828
5.44385231205033,6.3891995798964,0.4,0.0835624970223032
5.41603857523399,6.38764159912099,0.4,0.0830377401441955
5.4011140347007,6.38588365784001,0.4,0.0824507399181275
5.44844918119737,6.3832321545018,0.4,0.0815651087841136
4.74360675801034,6.22792091538955,0.4,0.0416161963718913
4.79349590644495,6.23157900282131,0.4,0.0423314782667063
4.76386687013019,6.23527482588486,0.4,0.043059586331773
4.78904779627448,6.23899609510218,0.4,0.0437978916223017
5.41731255297789,6.37974851569971,0.4,0.0804112200030954
5.41714756960957,6.37630135397915,0.4,0.0792880689121385
4.79457828296635,6.24661837108627,0.4,0.0453299166909898
4.79477840642463,6.24278132276414,0.4,0.0445568860133464
5.37229242747042,6.37018063869932,0.4,0.0773209202360659
5.3860921569089,6.36820035180037,0.4,0.0766978537796146
5.42855136121095,6.37263103365623,0.4,0.0781048149705008
4.93415521108242,6.25046869828338,0.4,0.0461219285364348
5.38669980651657,6.36472026851936,0.4,0.0756087525697016
5.35084575364813,6.36077587317625,0.4,0.0743857189686182
4.88882800224246,6.25424487397354,0.4,0.046913052768226
5.01935608978356,6.2581044780927,0.4,0.0477346850917686
5.39321516356778,6.35809331764459,0.4,0.0735622034833278
5.42515535839498,6.35607262200268,0.4,0.0729476983567643
5.40448752646842,6.35267404102938,0.4,0.071923175526331
5.38217961078341,6.34992139685915,0.4,0.0711001334870456
4.99682080573815,6.26205208525148,0.4,0.0485894766823781
5.42901188924949,6.3478843991721,0.4,0.0704979558070506
5.15585467006973,6.26781790869838,0.4,0.049860116422736
5.06202705001794,6.26580999434356,0.4,0.0494137289480543
5.08213521450215,6.28390124575279,0.4,0.0535468384612114
5.13598907511185,6.28659991454479,0.4,0.0541810594481277
5.42255141637727,6.34435631398006,0.4,0.0694598776010221
5.29075137268912,6.31745072291217,0.4,0.0619754247747429
5.15454458973688,6.29576818617234,0.4,0.0563826216317149
5.17366456996052,6.29057489447209,0.4,0.0551286445886641
5.2293075831575,6.29873135902958,0.4,0.057114181969232
5.24489188672907,6.30207530164015,0.4,0.0579473692433156
5.17451172821719,6.27834827789181,0.4,0.0522531311013238
5.07786142505106,6.27565734660294,0.4,0.0516303641385366
5.11174344120049,6.27012471394622,0.4,0.0503796872835235
5.1507246679414,6.28183112735961,0.4,0.053064972429318
5.40036762857143,6.34001410548629,0.4,0.0681990663576396
5.34934414113467,6.33733632969612,0.4,0.0674308101927245
5.33466397555304,6.33237751239268,0.4,0.066044592681148
5.31476445512383,6.32880890626034,0.4,0.0650567746564892
5.30340677576676,6.32540231979337,0.4,0.064123849918651
5.33485688982993,6.32207488665781,0.4,0.0632173520593117
5.25569320468386,6.3119562512953,0.4,0.0605209139857822
5.27085422713335,6.30415901432571,0.4,0.0584716212958711
5.30125053762397,6.31521476753732,0.4,0.0613806470479236
5.29004291933366,6.31915929383434,0.4,0.0624308897326231
5.15656994913257,6.29371739880203,0.4,0.0558859145021727
5.1018412770434,6.27364915484377,0.4,0.0511752754518112
5.3277653164005,6.33555548151068,0.4,0.0669311819788071
5.39828248183049,6.3098516407543,0.4,0.0599683949114432
5.43474443458505,6.30710716301297,0.4,0.0592420889958025
2.09717846112127,5.95546693188211,0.4,0.00806596921819596
2.08906230851785,5.94971277304218,0.4,0.00765229253481719
0.0465172878804058,5.39214773073761,0.4,-0.00846359905078485
2.05730064198098,5.94196115887371,0.4,0.00710005959448809
1.888544513598,5.93421454723838,0.4,0.00657818473603726
0.0481055487350144,5.40776877831366,0.4,-0.00842563717451047
1.9057632880466,5.92640697044106,0.4,0.00607362148675248
1.86744874147524,5.91858240964373,0.4,0.00557135429170506
0.0492005881292757,5.42338863008798,0.4,-0.00838814495921781
1.72745046286138,5.91079605042168,0.4,0.00509679509764611
1.81600374901203,5.90300892621732,0.4,0.00462832845845065
0.0494201154014194,5.43900430788143,0.4,-0.00835144752455301
1.7494845173506,5.89522270096367,0.4,0.00415785999232901
1.6645307600244,5.88743697326501,0.4,0.00370723342449604
0.0500619017963921,5.4546159799781,0.4,-0.00831542703375009
1.5941465985177,5.8796504960449,0.4,0.00327755822520519
0.0509727753253053,5.47021547100612,0.4,-0.00827925823345288
1.56921901330281,5.87186370134658,0.4,0.00286527765682802
0.0802685260247838,5.48580153073085,0.4,-0.00823819048968063
1.3594666394517,5.86407413170318,0.4,0.00248341729024763
0.391949672194563,5.50138061338757,0.4,-0.00808436509461339
1.26671114379845,5.85627995406259,0.4,0.00213432651332778
0.462033326782223,5.51695381736254,0.4,-0.00781206977459708
1.32056881746614,5.84846291302011,0.4,0.0017874660848908
0.476164685015472,5.53253579357335,0.4,-0.00753602360015479
1.50368395088488,5.84278428017812,0.4,0.00152039150431976
0.554128542232884,5.54812633829842,0.4,-0.00722823348760639
1.29887130213835,5.83888214331444,0.4,0.0013357695635421
0.396291460206534,5.56372388198599,0.4,-0.00695254947919379
1.09251902195904,5.83284548548218,0.4,0.00109616619142224
0.901258534637841,5.61055292582208,0.4,-0.00608796204675656
0.331890546273236,5.57933007849374,0.4,-0.0067652437658475
1.19838713744698,5.82505458079709,0.4,0.000791163637103911
0.783329181703274,5.62616194754426,0.4,-0.00557589632471981
0.568024238805063,5.59494096286963,0.4,-0.00651751050854109
1.38271678284758,5.81726809987283,0.4,0.00044781887053146
0.385242477926818,5.64177191700878,0.4,-0.00521610519432746
1.32906810093204,5.80948780429496,0.4,8.88678948073202e-05
0.615827357560602,5.65738018259752,0.4,-0.00490228676461209
1.09872218310453,5.79780968475583,0.4,-0.00039015826041362
0.818340880660447,5.67298547889375,0.4,-0.00447073008783604
1.10549183173043,5.7822371703805,0.4,-0.0010061935420934
0.778069460904235,5.68859077446488,0.4,-0.00402102867195839
1.07922311320837,5.7666664741981,0.4,-0.00161193447565862
0.733143122246614,5.70419664188287,0.4,-0.00362099855444414
0.948927562325124,5.75106939139847,0.4,-0.00217144508364629
0.953362080273362,5.71984086694629,0.4,-0.0031770949259703
0.889299859494339,5.73547000030741,0.4,-0.00267650291023856
48.1232962976483,2.28459944769891,0.4,0.286861467889613
48.7054321873294,2.28406898273951,0.4,0.294507152602342
49.3118612209604,2.28365878728142,0.4,0.302218154878017
49.8386462417883,2.28338081226511,0.4,0.310189839525505
51.9337236048414,2.28282541734726,0.4,0.316905260365035
51.9337236048414,2.28272804674434,0.4,0.321131540650104
51.9337236048414,2.28307943606059,0.4,0.322908689331212
52.5370755531423,2.282571188163,0.4,0.325383692455585
47.7826260296068,2.28097753789213,0.4,0.329507253873135
52.3782091873199,2.27951087850668,0.4,0.332090591532577
52.3782091873199,2.27907084278422,0.4,0.333151642297239
52.3782091873199,2.27856146497029,0.4,0.334938700693658
52.3782091873199,2.27788079992656,0.4,0.337725426196854
52.9845432847553,2.27732526634063,0.4,0.342315268067087
53.158509957057,2.27680213647098,0.4,0.348971948838065
52.8322364926805,2.2765981265381,0.4,0.355812176259313
51.4443980555139,2.27691642638636,0.4,0.362492940400531
48.4929415267587,2.27749442661044,0.4,0.366703765639934
48.5340203159628,2.27832068473153,0.4,0.36994427225389
47.3590081042699,2.27992949138208,0.4,0.375400612283243
47.87375671588,2.28102284005376,0.4,0.378799552325924
46.8425759618183,2.28237858984924,0.4,0.382561797547852
44.8584816482329,2.28573864052377,0.4,0.391071326227783
43.7786525413244,2.28854237426718,0.4,0.397321920643262
45.6984469953121,2.28412191383989,0.4,0.387206387636754
43.5724365113094,2.28699715428572,0.4,0.394049920773869
41.4720955518688,2.29213524764733,0.4,0.404320153638573
39.4625527149148,2.29444271241941,0.4,0.408509416646949
39.3516650651177,2.29651677170638,0.4,0.41188550093347
38.7959042206311,2.30066736034442,0.4,0.418608166220713
36.2134009444708,2.30297702325555,0.4,0.422324917520652
35.5339458195894,2.30586449840973,0.4,0.426430649192446
34.1792329996115,2.30902637095202,0.4,0.430887304045519
33.9502383192511,2.31153110961437,0.4,0.434173123627778
31.5657995158325,2.31863956683067,0.4,0.443322513814482
33.3366461702968,2.31564372456386,0.4,0.439528115400896
30.7555556309632,2.3227092069249,0.4,0.448190886006608
30.3497211233875,2.32912860073045,0.4,0.455760027147686
28.552811558616,2.3326863037822,0.4,0.45992138612221
27.9088912135181,2.33628882218799,0.4,0.463827584561535
27.0904679841665,2.33995882877185,0.4,0.467795770211086
26.9979215624509,2.34363540007817,0.4,0.471684140309403
26.0083365729327,2.34736114600644,0.4,0.475619017505661
25.3798196020069,2.35115023988013,0.4,0.479421703804963
24.7418966946191,2.35495417217779,0.4,0.483226587861242
24.5795586163683,2.35878696652787,0.4,0.487019920987357
23.0283380490045,2.36662595294043,0.4,0.494518067487798
22.8384623683363,2.374654881394,0.4,0.501939368990791
23.3216589260134,2.36261400253183,0.4,0.490795752870594
22.650858569605,2.37058767094293,0.4,0.498185932032508
22.5634694162068,2.37865510244772,0.4,0.505632311901537
-1.70608731456815,2.60902942908877,0.4,0.683108993391104
-1.56368400918407,2.60522730907576,0.4,0.681227268435969
22.8471453314912,2.38286958045149,0.4,0.509487503123708
24.2114243476971,2.40313413408996,0.4,0.529406572000451
23.2286200549033,2.41073101765303,0.4,0.537611497779683
22.1102012162753,2.41820499700133,0.4,0.545761611534203
-1.64566999490627,2.59801107937879,0.4,0.677656177758773
-2.04693628537168,2.58980816634234,0.4,0.673548645394946
23.5747110058853,2.39115904593783,0.4,0.517110150687609
25.8170963309439,2.3983820699541,0.4,0.524261600545665
25.6685881785497,2.40224363482067,0.4,0.52844290917028
23.8014054840997,2.4069165304148,0.4,0.533492164180868
22.7593283705159,2.41447078966276,0.4,0.541688583464109
20.7960973980511,2.42192937215894,0.4,0.549780012234262
-0.979279565331242,2.57468910849112,0.4,0.665460431575109
-1.42502257246989,2.58264150251281,0.4,0.669773717618561
-1.98304641309222,2.59360337841432,0.4,0.675474448817201
-0.929500800596624,2.56733008428409,0.4,0.661427814978211
-0.789251358609872,2.55964062226964,0.4,0.657185919699704
19.7681000080541,2.42563795160926,0.4,0.55378056283293
-1.36175572328831,2.5521202735752,0.4,0.653053338953766
-1.03621793458572,2.57857452504528,0.4,0.667570303654624
18.5897819675483,2.42938558020693,0.4,0.557709346740344
17.3042759938138,2.43312280463121,0.4,0.561626450097661
15.3205716901725,2.44073586044403,0.4,0.569334185416646
13.5441310604892,2.44846014895943,0.4,0.576872406478165
11.2102025984236,2.45626649899472,0.4,0.584284618849381
9.3909434662613,2.46426676574497,0.4,0.591462898701238
7.54813425489633,2.47240252406571,0.4,0.5985175782618
6.11505053995003,2.48085232769974,0.4,0.605448272180229
3.38374036927806,2.49034076279309,0.4,0.612853388446274
-0.975107925172985,2.54419976319614,0.4,0.648491701099125
16.4042423740666,2.43693162845008,0.4,0.5654827899993
14.4671221147958,2.44459475987627,0.4,0.573100241382361
12.4341611122408,2.45235675755609,0.4,0.580572926381499
10.4296363947994,2.46024525068434,0.4,0.587854991068612
8.38395212136113,2.46827772775843,0.4,0.594943970483871
6.61758931039928,2.47593772834909,0.4,0.601430221443692
5.17376400102733,2.48465133146559,0.4,0.608496291083817
3.00776624098824,2.49369990653315,0.4,0.615350012645773
2.87793783237275,2.49809483012014,0.4,0.61857510250372
3.95500698331213,2.48702169281897,0.4,0.610383615032682
-0.0801918032287214,2.53583467255982,0.4,0.643433622699013
-0.484568960353016,2.53942351698643,0.4,0.645631454257709
1.84591118316256,2.50231388105829,0.4,0.621672127019101
1.51709792315361,2.50601491198476,0.4,0.624225707354982
-0.0935636026211311,2.52886691248922,0.4,0.639160938243731
0.263789709543378,2.52112722279685,0.4,0.634323892395494
1.35373555157949,2.51165097210765,0.4,0.628082614701245
-0.41688439763333,2.52502955999845,0.4,0.636807762015982
0.808593700481012,2.51544558901269,0.4,0.63063745885438
-0.634882496714268,3.03751842548555,0.4,0.0198938379070786
-0.645900556763825,3.04533012049024,0.4,0.019477114613942
-0.677315174562875,3.06876499151131,0.4,0.0182283727713216
-0.657090904680973,3.05314181421286,0.4,0.0190604123591175
-0.688528542422433,3.07657644497593,0.4,0.0178131244109639
-0.699607287956481,3.08438788802057,0.4,0.0173979470598073
-0.667442335415654,3.06095346108765,0.4,0.0186440279810976
-0.728146035946224,3.10785493711582,0.4,0.0161569590840794
-0.717454160747724,3.10006515491582,0.4,0.016568262614239
-0.7076657150713,3.09223193791571,0.4,0.0169821555718759
-0.738282204711734,3.11564476598361,0.4,0.0157458645422026
-0.767475383606277,3.13901461180833,0.4,0.0145162690542145
-0.746734472256639,3.12343467242631,0.4,0.0153355865275932
-0.757041777850518,3.13122462918035,0.4,0.0149259239907339
-0.775185503260463,3.14684670500146,0.4,0.0141051378519479
-0.792518712730644,3.16250032057414,0.4,0.013286555472886
-0.798901621209418,3.17031132663468,0.4,0.0128791751375117
-0.80747975228721,3.17812232093926,0.4,0.0124726933130229
-0.782990546651203,3.15468930624217,0.4,0.0136947375908888
-0.816132989331205,3.18593330475246,0.4,0.0120663804353009
-0.820110069190215,3.19374415618612,0.4,0.0116613210332268
-0.827928081237185,3.20155489608542,0.4,0.0112574932609556
-0.838095637096285,3.2171762954883,0.4,0.0104515010302787
-0.841945527663685,3.22498684766141,0.4,0.0100512915680727
-0.835591902367473,3.20936564032761,0.4,0.0108537879839665
-0.848544218132252,3.23279737699462,0.4,0.0096518251240349
-0.854500436162315,3.24064150827699,0.4,0.00925087549373358
-0.855156598390783,3.24847558324607,0.4,0.00885203092080111
-0.860511934326229,3.25626602134107,0.4,0.00845683476043783
-0.866310125075928,3.26405648915537,0.4,0.00806169834631795
-0.870061091046477,3.27184704087128,0.4,0.00766706514901063
-0.873496572426638,3.28742861784095,0.4,0.00688347090857901
-0.86851180140521,3.27963776607616,0.4,0.00727450335866445
-0.876299893590861,3.29521981814561,0.4,0.0064928503705238
-0.877632715062897,3.30305578321285,0.4,0.00610121972965107
-0.881519520038408,3.31090123229663,0.4,0.00571003731094936
-0.87924442828688,3.31871148962504,0.4,0.00532226627098531
-0.880655850142381,3.34214131272716,0.4,0.00416612990861279
-0.882896827028889,3.32652150933908,0.4,0.00493605307160368
-0.887094862331609,3.33433148751264,0.4,0.00454991554557383
-0.886934691912538,3.3655701878186,0.4,0.0030247510244266
-0.884258172877504,3.3577605386456,0.4,0.00340486750888739
-0.881168775815714,3.34995095706299,0.4,0.0037852243436286
-0.884125250814729,3.38118950616554,0.4,0.00227085865899809
-0.879028181855375,3.40467643931324,0.4,0.00114617760085083
-0.881133354558351,3.37337986703876,0.4,0.00264682905307182
-0.887488596857819,3.38899914274222,0.4,0.00189488567922504
-0.8850547825246,3.39684216144926,0.4,0.00151868337657227
-8.59207514617197,4.22344028635734,0.4,1.29014028307296
-9.17198470934294,4.20410102511998,0.4,1.28593811954028
-9.15144748582385,4.21183727869846,0.4,1.28765731714719
-9.65805739826584,4.19634598138357,0.4,1.28415082414461
-9.43638986491576,4.19103081895149,0.4,1.28289028870447
-9.49307492934294,4.18723228150159,0.4,1.28199478281875
-9.56275131721324,4.18094516918271,0.4,1.28050991835018
-9.86326679229974,4.17316255541532,0.4,1.27864811764264
-10.3365188431129,4.16538787559074,0.4,1.27670805246586
-10.4067742520333,4.16008045579645,0.4,1.27534443413861
-10.4760291117462,4.15631181340896,0.4,1.27436742056877
-10.7919303930201,4.15003163651731,0.4,1.2726932253112
-10.8943061448382,4.14226263117017,0.4,1.2705744734338
-11.0884550562838,4.13458399830744,0.4,1.26843838083983
-11.295015967075,4.12687106291458,0.4,1.26624725185346
-11.7312320848346,4.11912967953379,0.4,1.26397352205485
-11.8582072368504,4.1113751032368,0.4,1.26161587790097
-12.2737453255127,4.10619855325454,0.4,1.26001676335253
-12.2005942055312,4.10254616937915,0.4,1.25886670767942
-12.6211904675084,4.09651407154881,0.4,1.25694519002418
-14.1187337202067,4.08933836809302,0.4,1.25454788336477
-31.6849022092802,4.08324749827857,0.4,1.25233515560148
-19.8274475151369,4.08515985503067,0.4,1.25310384100299
-10.4418832612518,4.08283866878136,0.4,1.25194060002141
-9.60611663674369,4.08026912796865,0.4,1.25040204961886
-18.6425862611729,4.08395981223246,0.4,1.25264699269823
-7.61430822926121,4.07582460616001,0.4,1.24851771126303
-9.05606161099097,4.0715015280844,0.4,1.24712725413592
-9.99845617282452,4.0639525553634,0.4,1.24450641458382
-9.99845617282452,4.06779744076995,0.4,1.24586816971031
-10.2453606922914,4.05755888736782,0.4,1.24221902260512
-10.232727975493,4.04954451045033,0.4,1.23930854056185
-10.2370839633173,4.04418080569124,0.4,1.23734531117038
-10.1619998408238,4.04044038682444,0.4,1.23596901145849
-10.1567149939938,4.03415180728124,0.4,1.23363701404903
-10.0677296464163,4.02627178904721,0.4,1.23069168334747
-10.0192433653812,4.01850162524891,0.4,1.22775392213859
-9.86419049761592,4.01077910219174,0.4,1.22480197136018
-9.78135584979286,4.0031500480407,0.4,1.2218682844933
-9.69978052784995,3.99537614850403,0.4,1.21885569971232
-9.64104239535975,3.98732081730167,0.4,1.21570471228123
-9.60575045703206,3.98204123176451,0.4,1.2136213453376
-9.48509828066267,3.97840289681926,0.4,1.21217102714177
-9.38896909696623,3.97203419666378,0.4,1.20962516981176
-9.33309668813269,3.96429592626928,0.4,1.20652083344379
-9.26679741696258,3.95653139971972,0.4,1.20337386357558
-9.06570313703485,3.94474425148965,0.4,1.19849213052065
-8.77454463157083,3.92946071199792,0.4,1.19207158533039
-8.46516605688663,3.91390394550134,0.4,1.18545368148538
-8.18634784818662,3.89796891614556,0.4,1.17855917361085
-7.81606090767189,3.88241210517612,0.4,1.17168088502557
-7.36880229582176,3.8665517257897,0.4,1.16459763319941
-7.10867385785588,3.85099852725718,0.4,1.15764871962559
-6.89203199484347,3.8357176273342,0.4,1.15075354760804
-6.61929144525079,3.82276486639778,0.4,1.14484905388325
-6.5410250465312,3.81549359767097,0.4,1.14152698873788
-6.43291814990503,3.80512212079529,0.4,1.13678621349126
-6.49614988374413,3.78963957441047,0.4,1.12963193526786
-5.91488188175065,3.77409068828903,0.4,1.12216503166564
-5.33653104298589,3.75848834537358,0.4,1.11449671354335
-5.12229878702633,3.74293832201137,0.4,1.10684381176647
-4.62853708193708,3.72740712605178,0.4,1.09905284261486
-4.0490938578236,3.71185084349468,0.4,1.09109619713312
-3.60228231178472,3.69639053144282,0.4,1.08314651792362
-3.17345963986323,3.68083720166263,0.4,1.07506891576909
-2.9440432927397,3.66634724993996,0.4,1.06751067115292
-2.90012045137306,3.65893869803237,0.4,1.06363574383631
-2.2971650013118,3.64945173123755,0.4,1.05851230164113
-1.86292385250582,3.63812733998826,0.4,1.05234750569891
-1.49559745769307,3.6305187023848,0.4,1.04815784476982
-0.995369942331591,3.61766021428855,0.4,1.04106036548682
-0.475175057869047,3.6021128006393,0.4,1.0324289137759
0.102510249681245,3.58696170771264,0.4,1.02391614962658
1.44806342482017,3.55636958858265,0.4,1.00637861061148
0.817535879548583,3.57141223874434,0.4,1.01504231847964
-1.84321868565482,2.61342789950352,0.4,0.685243051189302
-1.69601363368259,2.62091723665746,0.4,0.688800000530001
-1.55665057464566,2.62482826665286,0.4,0.69062016865028
-1.45684046815553,2.63675278677987,0.4,0.69616821081222
-1.50013008998429,2.62896351402315,0.4,0.69254467741213
-1.57583869621647,2.64449645997401,0.4,0.699754310958407
-1.49318969466872,2.6523674161975,0.4,0.703329158528949
-1.42074713151004,2.66011940799967,0.4,0.706794551933744
-1.37409873795163,2.66768343740578,0.4,0.710161873489821
-1.41776254589605,2.67445816062973,0.4,0.713141120425924
-1.30497661184594,2.67818657097794,0.4,0.71475610360861
-1.1445705369562,2.68311920330273,0.4,0.716882545983897
-1.03019259099836,2.69026670046295,0.4,0.719967180382197
-0.95359947543462,2.69875261548617,0.4,0.723652229156372
-0.955597109143783,2.69409868333556,0.4,0.721624225211553
-1.36785025147103,2.71441481584962,0.4,0.730459451938241
-1.05130765130898,2.70663646070504,0.4,0.727091488888512
-1.25842049818039,2.72209389423591,0.4,0.733677970605738
-1.12079238915405,2.7286734244625,0.4,0.736347683992748
-1.05087837434372,2.73235170015277,0.4,0.737831814281593
-0.789601897564783,2.74135778936331,0.4,0.741483152054926
-0.696754463888268,2.7572118372477,0.4,0.747950952844083
-1.10899172920144,2.76650523876328,0.4,0.751746851023098
-0.587544459069806,2.77425493801582,0.4,0.754784360066404
-0.268744671794795,2.78199152879493,0.4,0.757835422848966
-0.268744671794795,2.7847479123234,0.4,0.758957304850554
-0.268744671794795,2.79103807931766,0.4,0.761503459526471
-0.321329716729274,2.80360801583161,0.4,0.766617449837291
-0.444151044478721,2.81928851108339,0.4,0.773000642892149
-0.499156244606671,2.83536442160037,0.4,0.779517767136042
-0.770979287431485,2.84566505678247,0.4,0.783699100729533
-0.770979287431485,2.85572507122247,0.4,0.787789053510094
-0.770979287431485,2.85048455473765,0.4,0.785661774980927
-1.25556619986939,2.87116087789278,0.4,0.793936234653849
-1.25556619986939,2.86568604170903,0.4,0.791745406959807
-1.25556619986939,2.86072062098468,0.4,0.789794200573364
-1.72210744829566,2.87906556740615,0.4,0.797082426150247
-2.00388679896745,2.88677956320744,0.4,0.800102001094214
-4.97527499985139,2.9539213871213,0.4,0.822398273537037
-2.63963827334677,2.89695440594363,0.4,0.804005450806368
-3.04628853686434,2.96142634075477,0.4,0.823711368131418
-5.04440649338686,2.94645795813241,0.4,0.820567203317504
-3.29062504045583,2.91238883030958,0.4,0.809723796637673
-2.43747454979968,2.96906924061064,0.4,0.824873521174383
-4.511274160752,2.93886384132471,0.4,0.818373232245404
-3.94141595298459,2.92168004152963,0.4,0.813093780912018
-2.06190132356458,2.97664985508684,0.4,0.825999874357749
-4.99122966264832,2.92400075104691,0.4,0.813918951309798
-4.99122966264832,2.92698337994921,0.4,0.814835538215664
-4.99122966264832,2.93341228805443,0.4,0.816795044288661
-4.99122966264832,2.93041070479174,0.4,0.815889687164792
-1.77092236416257,2.9842569858292,0.4,0.827085007880783
-1.51823135167953,2.99193696251105,0.4,0.828151142162128
-1.31651651451348,2.99957786013716,0.4,0.829179076289769
-1.16776634450907,3.00718943936897,0.4,0.830170031452772
-0.870937582514971,3.01502455006252,0.4,0.83106430331364
-0.20269339039311,3.02112712939794,0.4,0.831533492036421
-0.263921445746934,3.02459352907327,0.4,0.831713959973184
-0.0170622488145948,3.02997170363275,0.4,0.832402980144287
0.10238078224055,3.04098525328395,0.4,0.834122090955898
0.10238078224055,3.03941918089868,0.4,0.833890720489252
0.10238078224055,3.0363158528174,0.4,0.833393938029962
0.225654543872133,3.04273155766196,0.4,0.834457676174375
0.00897994746523024,3.04703049446728,0.4,0.835314042432745
-0.188188098341547,3.05452610555712,0.4,0.836797544134188
-0.274882344445244,3.06053906502942,0.4,0.837956886357341
-0.301807402320281,3.06449456781902,0.4,0.838694878539025
0.137234023447045,3.13929502004776,0.4,0.849698568074048
-0.322978233242174,3.07053532726063,0.4,0.839784397846284
0.252623236041923,3.14624956576353,0.4,0.850383337408414
0.0561266688287089,3.13191012572868,0.4,0.848907445159562
-0.29318977689961,3.07833144736806,0.4,0.841155905178479
0.214310613422904,3.15247527979951,0.4,0.850928796586002
-0.0371611227707922,3.12436565312916,0.4,0.84802601177624
-0.301204197200322,3.08603421623425,0.4,0.842470947436133
1.70342487673986,3.16250876760535,0.4,0.849494085356465
0.585619976296674,3.15790682936652,0.4,0.851346962887872
3.43309393160578,3.18525197618776,0.4,0.85245101406456
-5.61120262766409,3.18741381773444,0.4,0.850417200729564
-0.0993346999618858,3.11664823380262,0.4,0.847036831679167
-0.27544139238721,3.09378963426681,0.4,0.843723596519484
2.82885884154684,3.17621282837315,0.4,0.850281108062762
3.23757749415406,3.16865031430603,0.4,0.848443940680685
2.58578260984521,3.1821247536305,0.4,0.85170519980805
-9.17939029620081,3.1906887879287,0.4,0.845416704309276
-9.54038337640039,3.19940601553732,0.4,0.832206012694965
-9.54038337640039,3.19747642807129,0.4,0.835140935245591
-9.03708885510744,3.19436664411145,0.4,0.839843371383699
-9.54340148382349,3.20118188241017,0.4,0.829523551383706
-0.174758852558218,3.10897184433707,0.4,0.845990667402802
-0.230618916379033,3.10145377721,0.4,0.84490144023684
-9.47536434796239,3.20338078199284,0.4,0.826241289176026
-9.37022249432101,3.20482316216998,0.4,0.824097940810184
0.353886373343023,3.20825659875057,0.4,0.823657698839235
0.230062551890679,3.2059413233713,0.4,0.823588112209442
0.162880482964272,3.2103302645743,0.4,0.823714079102299
2.0381124404622,3.54061032802204,0.4,0.99723005196458
-0.943504526444746,3.21695832875405,0.4,0.823453477414672
-0.27801414546488,3.21292353309025,0.4,0.823670746800996
12.9327360008631,3.34005629183322,0.4,0.869809903169414
13.163000231003,3.34395009960366,0.4,0.872470870763969
2.76506958016378,3.52912554637579,0.4,0.990447131836579
3.31275106745883,3.52155462621948,0.4,0.985846527931545
-1.89201749616453,3.23609736636291,0.4,0.82077977849426
-1.22515926073005,3.22252883565844,0.4,0.822875585729769
-1.67769004351835,3.22975498214746,0.4,0.821885073104739
12.3839480928776,3.33429451572694,0.4,0.865860795114634
13.4011679407014,3.34977661798506,0.4,0.876445661996803
4.02455602529532,3.5090270995268,0.4,0.978240020127999
-4.2820892056214,3.23999765171779,0.4,0.819748449995935
11.3664101331125,3.32627094956525,0.4,0.860335781416561
13.4290845430957,3.35772011380809,0.4,0.88183374363607
13.1530829181468,3.36303299461903,0.4,0.885418418050437
4.8103863941913,3.49346678858533,0.4,0.968774543683851
-4.45179670611783,3.24664600302897,0.4,0.81703657780906
-3.25530371095144,3.2532554805777,0.4,0.81451885485853
5.74248035743348,3.26386798340706,0.4,0.820017182315124
9.83745942443163,3.31758611928674,0.4,0.854334205189751
10.3493832034318,3.32125393192824,0.4,0.856871712905996
13.1676145734357,3.36676131181177,0.4,0.887928976755239
5.71833312111485,3.47869163096513,0.4,0.959694264654547
5.706592194166,3.25867206873187,0.4,0.816832761621428
4.91681743143623,3.26901429169614,0.4,0.823013019586098
8.59318940839247,3.3110414806418,0.4,0.849786036335724
12.7986352213024,3.37307709755629,0.4,0.892174775181644
6.72327304336794,3.46298260767712,0.4,0.949964575132028
7.37113704613287,3.30305435334726,0.4,0.844198387082566
5.62959576780848,3.28387247047216,0.4,0.830762034431227
4.55872937236148,3.278053474715,0.4,0.827777249388722
6.27378113929328,3.29426375683743,0.4,0.838014256378226
11.8619743312614,3.38632521298376,0.4,0.900997319641333
12.3618179735305,3.38100955304959,0.4,0.897471385646228
7.76620213654019,3.44444102026209,0.4,0.938388889713372
7.20009414584037,3.45208006253448,0.4,0.943195712418691
6.52403999114576,3.29815505594313,0.4,0.840758743245479
5.85102778193374,3.28793211289975,0.4,0.833557527962733
11.7163137516909,3.39005714197298,0.4,0.903461938590151
8.62830384672993,3.43159275487682,0.4,0.930259464821293
10.6055644748651,3.40420892551544,0.4,0.912791248544223
11.2864370363805,3.39643179770824,0.4,0.907671851844854
9.67204613215887,3.41058967807643,0.4,0.91691883844501
9.67204613215887,3.41848472164877,0.4,0.921934219764829
-0.625420452486649,3.02970670567327,0.4,0.0203111598803704
-0.614370864636985,3.02189495321146,0.4,0.0207291038081523
-0.603710258381167,3.01408316117723,0.4,0.0211472132784365
-0.593403754978859,3.00627128328633,0.4,0.0215656632058813
-0.582665089693747,2.99842913956884,0.4,0.0219860004853331
-0.572800907974338,2.99059795249992,0.4,0.0224061264965975
-0.562361175018247,2.98280798922634,0.4,0.0228244366193514
-0.551991974462023,2.9750180824425,0.4,0.0232428155564773
-0.542092302482168,2.96722815771306,0.4,0.023661301282042
-0.532194560099699,2.95943820896212,0.4,0.0240799605265506
-0.52241028340212,2.9516482633855,0.4,0.024498719165204
-0.512820838293524,2.94381060710755,0.4,0.0249201150113337
-0.503428084351072,2.93596172621642,0.4,0.0253421985257386
-0.494327968982593,2.92814933255706,0.4,0.0257623789113996
-0.485519546721903,2.92033690301571,0.4,0.0261826319338095
-0.476840485374618,2.91252441952824,0.4,0.0266029418311218
-0.468357964106168,2.90471188705119,0.4,0.0270232415977637
-0.460005541929442,2.89689931776655,0.4,0.0274434610573989
-0.451974431383655,2.88908672821526,0.4,0.0278636028459408
-0.444090928170547,2.88127412067351,0.4,0.0282837249770035
-0.436267326699896,2.87346148634565,0.4,0.0287037863933633
-0.428591874931541,2.86564883044504,0.4,0.0291237523336126
-0.42096293024471,2.85779919157031,0.4,0.029545608740366
-0.413444896677715,2.84996054375599,0.4,0.0299668230528961
-0.405766957334291,2.84216978888141,0.4,0.0303853398200567
-0.397898033570531,2.83437892824308,0.4,0.030803432656634
-0.390432802432864,2.82658810214152,0.4,0.0312211915522718
-0.382764690565769,2.81879728868376,0.4,0.0316388810552456
-0.374600229950204,2.8110063442206,0.4,0.0320562841037223
-0.366398082953416,2.80321527268575,0.4,0.0324732612163464
-0.357961390713087,2.79537259127852,0.4,0.0328926101530755
-0.349683042948706,2.78751881241614,0.4,0.0333123475756402
-0.340950088816962,2.77970530193061,0.4,0.0337296695987704
-0.331907286484332,2.77189164610128,0.4,0.0341461242550171
-0.323648383986748,2.76407818451132,0.4,0.0345619059770341
-0.315257821077161,2.75626481671317,0.4,0.03497754973259
-0.306498663595455,2.74845131448708,0.4,0.035392686225573
-0.298143980456004,2.74063774899554,0.4,0.035807107534498
-0.289981260023361,2.73282422737638,0.4,0.0362208907248099
-0.282350034428639,2.72501053559085,0.4,0.0366343335613614
-0.274476636273354,2.71719639033024,0.4,0.0370473577084379
-0.266675193352426,2.70934840972616,0.4,0.0374608296582922
50.1993322872014,2.3473751554826,0.4,0.216796737951015
47.6803499293002,2.28526419857709,0.4,0.279098695715108
47.2723551132645,2.28640974758792,0.4,0.267354503514083
-0.259922623243973,2.70151136807926,0.4,0.0378723205991594
48.4160278470274,2.35096492593369,0.4,0.19807979891719
48.5644482762552,2.35054499968457,0.4,0.20027200304836
48.7520306982683,2.34984917693998,0.4,0.203904284548374
50.1697206129507,2.34723371355402,0.4,0.217539139557337
42.2786514741914,2.34320621365604,0.4,0.22541692438608
3.60804930512496,2.33979515858574,0.4,0.229286636294448
49.8745413378508,2.34776672127767,0.4,0.214753942751153
2.29991770646168,2.33942254705325,0.4,0.229312270991922
47.0049841543287,2.28597711794369,0.4,0.271720847027979
47.8673854601247,2.28625455361435,0.4,0.26169295810926
-0.253893076947648,2.69371919444073,0.4,0.0382809060553753
3.54039576317049,2.33241608831056,0.4,0.229792778610564
48.2001129337635,2.35132412136288,0.4,0.196219731591477
49.1213527196511,2.34914714274993,0.4,0.207571347752395
49.3508190743625,2.34844363489486,0.4,0.21123483204591
49.7402278709677,2.34681232265795,0.4,0.219739215017833
3.48434081992035,2.33669592206567,0.4,0.229499238760237
48.055700579122,2.35173418860981,0.4,0.194094771203498
47.0010425993092,2.28538136228812,0.4,0.253376578880091
-0.24796922608336,2.68592752915757,0.4,0.0386894317041656
48.1614010011976,2.35211672186675,0.4,0.192104251019139
3.4997656790077,2.33009079458563,0.4,0.229952339446317
3.4997656790077,2.32771195832789,0.4,0.23011537058054
3.4997656790077,2.32421416757385,0.4,0.230355315548352
46.0483825024622,2.28435845834033,0.4,0.247312192395081
-0.242354083315095,2.6781359942666,0.4,0.0390979453051369
48.0257484430908,2.35278209887801,0.4,0.188631075258087
3.44376781027711,2.32032166834418,0.4,0.230622111907705
3.44994087664243,2.31649859439119,0.4,0.230884069380177
43.0744594812265,2.28418455985265,0.4,0.242924000764178
-0.237157423909571,2.67034405919198,0.4,0.0395064786300457
47.9173886800609,2.35331511994431,0.4,0.18584163049909
2.8877113912598,2.31104099896035,0.4,0.231221443544264
43.2958956450499,2.28441454178759,0.4,0.240959926121167
-0.232219575117411,2.66255104993687,0.4,0.0399150443225514
47.9849497367325,2.35371044170594,0.4,0.18377289584079
-2.25676998461864,2.30395356662404,0.4,0.231301096992688
33.0574183602902,2.28699551855277,0.4,0.237702686915868
35.654692113514,2.28539579675495,0.4,0.239635131807328
-0.227168223216702,2.65475605084625,0.4,0.0403228681882011
47.9735139482724,2.35432998828652,0.4,0.180532803758402
23.4239605068692,2.29260375757134,0.4,0.233413599116108
48.1461296795336,2.35474313733584,0.4,0.178368231623207
7.58820284573756,2.29810478826573,0.4,0.231592427705472
28.3146456635479,2.2894024706867,0.4,0.235635778469083
-0.221822707479703,2.64691004391957,0.4,0.040730017354338
17.2657763021189,2.29475611404916,0.4,0.232314832030846
48.1552054525802,2.35526134138416,0.4,0.175655351389617
-0.22005120983806,2.6390551752295,0.4,0.041135140809982
48.4478306256688,2.35611368369869,0.4,0.171190214160678
-0.218329928736487,2.63124169392108,0.4,0.0415381329994369
48.5636793019312,2.35669518208873,0.4,0.168141195153857
-0.217061872765984,2.62342890380508,0.4,0.0419410913484066
48.8530534902331,2.35690416416235,0.4,0.167046903703298
-0.21622570358855,2.61561619744269,0.4,0.0423440455100853
48.5914496346503,2.35714006669593,0.4,0.165817396811989
-0.215899493937882,2.60780303149258,0.4,0.0427470234133664
48.4247438407138,2.3576392990057,0.4,0.163219073092722
5.51576716036513,2.35775978027526,0.4,0.156151059026534
-0.215972380264926,2.59998895595382,0.4,0.0431500458431027
5.64631543696143,2.3560775176645,0.4,0.155963917758679
5.75293903935689,2.35253358314328,0.4,0.155560321395758
49.0530800681218,2.3589152614786,0.4,0.156614382344059
49.4561427393988,2.35897321370404,0.4,0.156311373240796
48.5206914204886,2.3580311372442,0.4,0.161182658429454
5.59338195262873,2.35841511158578,0.4,0.156223101509821
48.6968953751168,2.35835832587839,0.4,0.159487621049485
-0.216105942984498,2.59217395641621,0.4,0.0435522741233419
6.30376419851026,2.34853910691823,0.4,0.155072540075262
48.9779203682432,2.35872357158903,0.4,0.157600782215628
-0.216419220863508,2.5843585084504,0.4,0.0439517549179179
6.75657226482894,2.3458128119436,0.4,0.154717533843312
-0.219383581203693,2.5765432257993,0.4,0.0443492564494329
6.82877757276433,2.3439022273042,0.4,0.154454476209051
-0.22262581751097,2.56872833571893,0.4,0.0447463062745452
7.30325272475301,2.34080928925604,0.4,0.154005111339366
-0.226281421238476,2.56087792635647,0.4,0.0451437715247959
7.93118961608366,2.33716333462235,0.4,0.153434563786145
-0.231555718462479,2.55303753138355,0.4,0.0455393355149629
8.10240224424858,2.33362648851292,0.4,0.152849183296397
-0.237664870453842,2.54524281086758,0.4,0.0459318616108387
8.67431222106869,2.33015866936924,0.4,0.152245708752385
-0.244793574830444,2.53744787934753,0.4,0.0463238637796384
9.01141883313306,2.32671757768806,0.4,0.151608387300222
-0.252186270056904,2.52965237202732,0.4,0.0467146683350132
9.5666332841368,2.323225558042,0.4,0.150921916498845
-0.261129770458696,2.52185596862735,0.4,0.0471033662433395
9.68875186124754,2.31982770222604,0.4,0.150224680162558
-0.272144325217089,2.51405132070596,0.4,0.0474911061418774
11.1011332969556,2.31494889589356,0.4,0.149109018814219
-0.285088866745502,2.50624324438797,0.4,0.0478786989827931
17.4390199714296,2.30848967559658,0.4,0.14692909999563
-0.297996850564282,2.4984146265882,0.4,0.0482664779633694
24.4097712905903,2.30465283412645,0.4,0.1450858301454
-0.313458765210127,2.49058012812865,0.4,0.0486524420567149
-0.323713915699756,2.48471857661715,0.4,0.0489396561418229
-0.33410057498323,2.48081107776984,0.4,0.0491304372476372
25.4792625858815,2.30169058186108,0.4,0.142843563128729
-0.345017594668745,2.47690371024481,0.4,0.0493212390970345
-0.356561130014035,2.47299638023376,0.4,0.0495120479693967
26.768518892849,2.29723490851514,0.4,0.139259677258745
26.9393966373837,2.29390895346458,0.4,0.136409560808782
-0.368714497036373,2.46908904063038,0.4,0.0497027873256329
-0.38122155802639,2.46516411504933,0.4,0.049894181494734
27.3992396602204,2.29027657528868,0.4,0.133134287346745
25.8258965038126,2.28688176738076,0.4,0.129989194007598
-0.394760348530596,2.46124391189498,0.4,0.0500848787306677
-0.410002687598733,2.45734625360492,0.4,0.0502739510900634
26.6471786054441,2.28397990041691,0.4,0.127104580502089
22.6559215315596,2.28063866276212,0.4,0.123397653631412
-0.425369899942858,2.45344934269113,0.4,0.0504625495730255
-0.443028710026168,2.44955446219678,0.4,0.0506504227281617
21.1773687788325,2.27917168507209,0.4,0.121569476375427
-1.96500257971254,2.2783990676572,0.4,0.118596279991518
-0.463774856114778,2.44566268835631,0.4,0.0508377366991539
-0.487105533620316,2.44177536836006,0.4,0.051024799615655
9.81704250488959,2.27895805490371,0.4,0.120883583054013
-3.79781003884458,2.2787434083123,0.4,0.114457328818021
-0.513935057213951,2.43789774580449,0.4,0.0512114341462812
-0.545828029514647,2.434042864599,0.4,0.0513970903903664
-0.59596053119316,2.43019022279979,0.4,0.0515837156970798
0.166310479374217,2.28133088681525,0.4,0.106870047385529
0.964877614501599,2.28032615011335,0.4,0.109636961563812
-0.681611244184401,2.42635736837902,0.4,0.0517753796290309
3.03878394667053,2.28290758097096,0.4,0.1030461315833
-0.837026827751748,2.42258619828515,0.4,0.0519831605678422
2.50511418147241,2.28735340745621,0.4,0.0928154868336399
3.42631341966811,2.28578872149088,0.4,0.0963372773999821
-0.965387696884972,2.41884875873523,0.4,0.0522103472081099
1.77601984983557,2.28885259480304,0.4,0.0896026729999897
-1.41796139596491,2.41516076954483,0.4,0.0525054988426184
-6.9071224782363,2.2907252998328,0.4,0.0858531801225663
-1.54896912597667,2.41154737534568,0.4,0.0528542713003313
-8.42565857005484,2.29234947389985,0.4,0.0832586625979493
-10.4602889090911,2.29917580010446,0.4,0.0769234860557201
-2.32462614247394,2.40795051683198,0.4,0.053320900206943
-18.9462803396939,2.29354804428646,0.4,0.0813736034919271
-16.355138546567,2.29600872732322,0.4,0.0793892037932672
-8.62477403032499,2.30194336396959,0.4,0.0759353693895144
-4.63098507325151,2.30471341040289,0.4,0.075337814808189
-2.43082530018211,2.40443634917384,0.4,0.0539301922309761
-3.87802144451461,2.30614586077124,0.4,0.0750755068894403
-2.58977057203335,2.40056328000846,0.4,0.0546913153070323
-3.38141023674392,2.30841372127822,0.4,0.0746888900413257
-2.59394837148545,2.39781841679855,0.4,0.0552652933074076
-2.7666052955973,2.3116197349752,0.4,0.0741753175226332
-2.60308984854833,2.39594734821079,0.4,0.0556751131869225
-2.52387756156299,2.31496593037371,0.4,0.07365106713456
-2.60825065699068,2.39257238155231,0.4,0.0564332520180728
-2.23513217269507,2.31857943214852,0.4,0.0730836571893162
-2.57610294934238,2.39023715195277,0.4,0.056964034577501
-1.96549392618857,2.32235293181486,0.4,0.0725003376159356
-2.61569494927388,2.38811854137904,0.4,0.0574517357388762
-1.80978216501782,2.32612898722316,0.4,0.0719156537599966
-2.72602657225055,2.38507637501634,0.4,0.0581655371584659
-1.66405064222729,2.32990759587549,0.4,0.0713178660075768
-2.74362882421293,2.38293654953235,0.4,0.0586786588380059
-1.39782839380382,2.33652560295906,0.4,0.0702792363175128
-1.47957009136493,2.33364237035826,0.4,0.07072991312368
-2.77402627798302,2.37986627497474,0.4,0.0594200310184842
-1.30616957333597,2.33834194373626,0.4,0.0699942835805524
-3.10913564308524,2.37551741405637,0.4,0.0604848056828206
-1.24008185591557,2.34103810603783,0.4,0.0695655645186604
-1.05179787151597,2.35755895539892,0.4,0.066555604584191
-3.4848367690195,2.37298193708183,0.4,0.0611104018728534
-3.18047960264448,2.35865936495544,0.4,0.0662253230296472
-1.10234763984534,2.34485213203914,0.4,0.0689544250961118
-1.07627452639988,2.35558353045717,0.4,0.0669972785708057
-3.74782480462802,2.37095590328993,0.4,0.0616179412004798
-3.08617314156834,2.35892080485443,0.4,0.065383644092801
-0.993952831064561,2.34836163395853,0.4,0.0683942541172921
-1.17840192458937,2.35270927421647,0.4,0.0676062753287885
-4.26491695491257,2.36898567436115,0.4,0.0621185668131722
-3.59945204350657,2.36231594362251,0.4,0.0603730190394615
-2.56860886256646,2.35946770232054,0.4,0.0642187903316352
-0.897595994480421,2.35035473894512,0.4,0.0680762484613155
-4.52734382525938,2.36663245594122,0.4,0.062760404010387
-3.00085624085053,2.36062995678514,0.4,0.0626559908857847
14.32617561879,2.3631878138239,0.4,0.0612713923202315
-4.49594122937559,2.36399858163316,0.4,0.0634779221302503
13.9880243876512,2.36324964978537,0.4,0.0635637511442636
-4.6218624923014,2.36337166487752,0.4,0.0636493128826898
14.1101992153694,2.36323396522155,0.4,0.0633743628252512
